$SPEC_ID:
No sample description was entered.
$SPEC_REM:
DET# 3
DETDESC# WD011-05 Easy-MCA-8k SN 13260149
AP# Maestro Version 7.01
$DATE_MEA:
04/03/2017 08:54:44
$MEAS_TIM:
240 240
$DATA:
0 1023
       0
       0
       0
       0
      29
     215
     178
     224
     195
     214
     239
     249
     312
     352
     436
     514
     574
     520
     477
     436
     317
     262
     235
     200
     198
     188
     197
     186
     181
     188
     186
     175
     186
     176
     183
     171
     188
     178
     175
     190
     193
     197
     194
     212
     212
     214
     223
     207
     193
     211
     206
     166
     209
     217
     213
     191
     224
     209
     208
     234
     230
     204
     218
     194
     212
     218
     228
     218
     213
     258
     209
     226
     201
     212
     217
     217
     214
     230
     202
     230
     206
     213
     230
     197
     205
     203
     223
     210
     201
     186
     177
     199
     208
     235
     235
     220
     207
     244
     245
     238
     235
     253
     237
     244
     236
     243
     228
     231
     229
     246
     225
     229
     225
     209
     214
     203
     207
     189
     187
     183
     154
     181
     175
     176
     175
     166
     152
     172
     150
     175
     164
     156
     142
     175
     149
     148
     135
     152
     126
     145
     133
     150
     115
     133
     124
     124
     114
     120
     112
     133
     116
     106
     136
     124
     101
     108
     116
     124
     118
     103
      90
     106
      98
     113
      87
      97
      99
     102
      79
      88
     105
     105
      92
     117
     104
     104
      93
      92
     105
      94
      98
      96
      83
      91
      93
     102
      98
      96
      96
      88
      79
      94
      95
      88
      82
      98
     102
      86
      98
      83
      78
      97
      80
      77
     109
      97
      85
      99
     109
      91
      83
      90
     109
     111
      78
      98
      80
      98
     101
     107
      77
     105
      75
     100
      74
     110
     119
      91
      94
     106
      96
      77
     108
      86
      95
      98
      97
      91
      94
     109
      98
     101
     104
     105
      88
      79
      96
      91
      99
     100
     114
     109
      88
      92
      94
      77
      92
      77
      71
      75
      82
      77
      71
      58
      68
      68
      48
      54
      59
      52
      48
      50
      37
      34
      40
      32
      33
      41
      37
      36
      34
      33
      31
      32
      20
      25
      21
      23
      16
      23
      21
      11
      17
      19
      18
      18
      14
      22
      16
       7
      18
      14
      12
      12
      26
      16
      13
      11
       7
      13
       9
      17
      14
      10
      11
       7
       8
       4
      10
       6
      11
       8
       7
       7
      10
      10
       7
       7
      13
       7
      11
       8
      11
       5
       7
       8
       7
       9
       8
       7
       9
       8
      14
      12
      13
      12
      12
      13
      11
      12
      16
      20
      22
      27
      32
      27
      29
      22
      22
      50
      27
      46
      32
      35
      57
      40
      59
      74
      56
      73
      63
      83
      75
      59
      79
     101
      90
     112
     115
     120
     106
     125
     101
     117
     138
     115
     130
     114
     130
     118
     114
     112
     119
     122
     107
     118
      86
      85
     104
      88
      97
      79
      92
      68
      58
      59
      60
      52
      50
      35
      39
      38
      37
      34
      28
      30
      29
      21
      14
      20
      21
      15
       9
       8
       9
       5
       7
       7
       6
       6
       3
       2
       1
       1
       1
       0
       2
       4
       3
       1
       2
       1
       1
       0
       1
       1
       0
       0
       0
       0
       0
       0
       0
       0
       1
       0
       0
       0
       0
       0
       0
       0
       0
       2
       1
       0
       0
       0
       0
       0
       1
       0
       0
       0
       1
       0
       0
       0
       0
       1
       0
       0
       0
       0
       0
       0
       0
       0
       0
       0
       0
       0
       0
       0
       0
       0
       0
       0
       0
       0
       0
       0
       1
       0
       0
       0
       0
       0
       0
       0
       0
       1
       0
       0
       0
       0
       0
       0
       0
       0
       1
       0
       1
       1
       0
       0
       1
       0
       1
       2
       0
       0
       0
       0
       0
       0
       0
       1
       0
       0
       0
       0
       1
       0
       0
       0
       0
       0
       0
       0
       0
       0
       0
       0
       0
       0
       0
       0
       1
       0
       0
       0
       0
       0
       0
       0
       0
       0
       1
       0
       0
       0
       0
       0
       1
       0
       1
       0
       0
       0
       0
       1
       0
       0
       0
       0
       0
       0
       0
       0
       0
       0
       0
       0
       0
       0
       0
       0
       1
       0
       0
       0
       0
       1
       0
       0
       0
       0
       0
       0
       0
       0
       1
       0
       0
       0
       0
       0
       0
       0
       0
       0
       0
       0
       0
       0
       0
       0
       0
       0
       1
       0
       0
       0
       0
       0
       0
       0
       0
       0
       0
       0
       0
       0
       0
       0
       0
       0
       1
       0
       1
       1
       0
       0
       0
       1
       0
       0
       0
       0
       0
       0
       0
       0
       1
       0
       0
       0
       0
       0
       0
       0
       0
       0
       0
       0
       0
       0
       0
       0
       0
       0
       0
       0
       0
       0
       0
       1
       0
       1
       0
       0
       0
       0
       0
       0
       0
       0
       0
       0
       0
       0
       0
       0
       0
       0
       0
       0
       0
       1
       0
       0
       0
       0
       0
       0
       0
       0
       1
       0
       0
       0
       0
       0
       0
       0
       0
       0
       0
       0
       0
       0
       0
       0
       1
       0
       0
       0
       0
       0
       0
       0
       0
       1
       0
       0
       0
       0
       0
       1
       0
       0
       0
       0
       0
       0
       0
       0
       0
       0
       0
       0
       0
       0
       0
       0
       0
       0
       0
       0
       0
       0
       0
       0
       0
       0
       0
       0
       0
       0
       0
       0
       0
       0
       0
       0
       0
       0
       0
       0
       0
       0
       0
       0
       0
       0
       0
       0
       0
       0
       0
       0
       0
       0
       0
       0
       0
       0
       0
       0
       0
       0
       0
       0
       0
       0
       0
       0
       0
       0
       0
       0
       0
       0
       0
       0
       0
       0
       0
       0
       0
       0
       0
       0
       1
       0
       0
       0
       0
       0
       0
       0
       0
       0
       0
       0
       0
       0
       0
       0
       0
       0
       0
       0
       0
       0
       0
       0
       0
       0
       0
       0
       0
       0
       0
       0
       0
       0
       0
       0
       0
       0
       0
       0
       0
       0
       0
       0
       0
       0
       1
       0
       0
       0
       0
       0
       0
       0
       0
       0
       0
       0
       0
       0
       0
       0
       0
       0
       0
       0
       0
       0
       0
       0
       0
       0
       0
       0
       0
       0
       1
       0
       0
       0
       0
       1
       0
       0
       0
       0
       0
       0
       0
       0
       0
       0
       0
       0
       0
       0
       0
       0
       0
       0
       0
       0
       0
       0
       0
       0
       0
       0
       0
       0
       0
       0
       0
       0
       0
       0
       0
       0
       0
       0
       0
       0
       0
       0
       0
       0
       0
       0
       0
       0
       0
       0
       0
       0
       0
       0
       0
       0
       0
       0
       0
       0
       0
       0
       0
       0
       0
       0
       0
       0
       0
       0
       0
       0
       0
       0
       0
       0
       0
       0
       0
       0
       0
       0
       0
       0
       0
       0
       0
       0
       0
       0
       0
       0
       0
       0
       0
       0
       0
       0
       0
       0
       0
       0
       0
       0
       0
       0
       0
       0
$ROI:
1
334 430
$PRESETS:
Live Time
240
0
$ENER_FIT:
0.000000 0.000000
$MCA_CAL:
3
0.000000E+000 0.000000E+000 0.000000E+000 
$SHAPE_CAL:
3
0.000000E+000 0.000000E+000 0.000000E+000
