$SPEC_ID:
No sample description was entered.
$SPEC_REM:
DET# 3
DETDESC# WD011-05 Easy-MCA-8k SN 13260149
AP# Maestro Version 7.01
$DATE_MEA:
03/31/2017 12:16:06
$MEAS_TIM:
240 240
$DATA:
0 1023
       0
       0
       0
       0
      37
     186
     203
     156
     169
     187
     197
     273
     284
     377
     366
     466
     424
     427
     366
     341
     258
     210
     214
     187
     152
     170
     159
     178
     153
     169
     160
     158
     163
     158
     177
     188
     156
     196
     153
     201
     175
     175
     196
     179
     190
     179
     161
     155
     168
     162
     193
     163
     191
     176
     185
     190
     194
     189
     209
     197
     197
     180
     210
     205
     199
     218
     190
     185
     197
     187
     196
     201
     198
     203
     182
     192
     186
     171
     176
     200
     196
     179
     196
     188
     188
     186
     198
     211
     192
     212
     205
     240
     234
     239
     238
     243
     249
     219
     205
     226
     223
     214
     199
     211
     189
     195
     192
     189
     209
     211
     209
     184
     197
     161
     165
     187
     158
     167
     167
     171
     162
     162
     153
     124
     151
     143
     132
     139
     149
     130
     136
     124
     127
     128
     133
     132
     120
      94
      97
      97
     105
     101
     105
      89
     105
     102
     106
     101
     115
      95
     102
      88
      94
     101
     110
      91
      96
      90
      88
      88
     107
      73
      93
      87
     106
      88
      91
      98
      89
      79
      81
     108
     100
      94
      92
      96
      80
      95
      91
      86
      93
      86
      85
      89
      86
      79
      85
      93
      84
      83
      88
      77
      66
      68
      90
      71
      91
      86
      82
      93
      69
      93
      84
      81
      83
      73
      78
      87
     101
      92
      76
      74
      91
      66
      88
      77
      92
      89
      91
     100
      81
     102
     115
      75
      88
      91
      82
      86
     100
      90
      81
      90
      85
      85
      93
      82
      77
      74
      88
      91
      70
      79
      78
      91
      69
      75
      68
      68
      57
      59
      53
      54
      66
      53
      60
      39
      55
      34
      46
      33
      38
      37
      31
      26
      26
      28
      37
      23
      22
      23
      26
      24
      20
      23
      17
      21
      18
      19
      14
      20
      23
      12
      13
      12
       8
      13
      19
      10
      13
       7
      11
      12
       7
       8
       6
      12
      11
      10
       6
       8
      11
       5
       7
       9
       8
      12
       5
       4
      10
       3
       5
       9
       5
      11
      12
       7
       9
       5
       7
       6
       8
       7
       5
       2
      11
      11
      12
      13
      16
       9
       7
      20
       8
      17
      22
      20
      23
      17
      28
      29
      27
      30
      31
      53
      42
      27
      52
      40
      44
      75
      54
      65
      72
      76
      77
      69
      64
      82
      93
      85
      96
     109
     106
     104
      91
     104
     113
     123
     123
     100
     102
      97
      96
      92
      90
      84
     107
      96
      76
      89
      81
      75
      62
      68
      51
      59
      48
      43
      46
      37
      37
      26
      33
      28
      25
      23
      22
      36
      24
      12
      19
      15
      13
      10
       5
       9
       4
       6
       6
       5
       4
       3
       4
       2
       2
       4
       3
       3
       3
       0
       0
       3
       0
       0
       1
       1
       1
       0
       0
       1
       0
       0
       0
       0
       1
       0
       2
       1
       0
       0
       0
       0
       0
       0
       0
       0
       0
       0
       0
       0
       0
       0
       0
       0
       0
       0
       0
       0
       0
       0
       0
       0
       0
       0
       0
       0
       0
       0
       1
       0
       0
       0
       0
       0
       0
       0
       0
       0
       0
       0
       0
       0
       0
       0
       1
       0
       0
       0
       0
       0
       0
       0
       0
       0
       0
       0
       0
       0
       1
       0
       0
       0
       0
       0
       0
       0
       0
       0
       0
       0
       1
       0
       0
       0
       0
       0
       0
       0
       1
       0
       0
       0
       0
       0
       0
       0
       0
       1
       0
       0
       0
       0
       0
       0
       0
       0
       0
       0
       0
       0
       0
       0
       0
       0
       0
       0
       0
       0
       0
       0
       0
       0
       0
       0
       0
       0
       1
       1
       0
       1
       1
       0
       1
       0
       0
       0
       0
       0
       0
       0
       0
       0
       0
       1
       0
       0
       0
       1
       0
       0
       1
       1
       0
       0
       0
       0
       0
       0
       0
       1
       1
       0
       0
       1
       0
       0
       0
       0
       0
       0
       0
       0
       0
       1
       0
       0
       0
       0
       0
       0
       0
       0
       0
       0
       0
       0
       0
       0
       1
       0
       0
       1
       0
       0
       0
       0
       0
       0
       0
       0
       0
       0
       0
       0
       0
       0
       0
       0
       0
       0
       0
       0
       0
       0
       0
       0
       0
       0
       0
       0
       0
       0
       0
       0
       0
       0
       0
       0
       1
       0
       0
       0
       0
       0
       0
       0
       0
       0
       0
       0
       0
       0
       0
       0
       0
       0
       0
       0
       0
       0
       0
       0
       0
       0
       1
       0
       0
       0
       0
       0
       0
       0
       0
       0
       0
       0
       0
       0
       1
       0
       0
       0
       0
       0
       0
       0
       0
       0
       0
       0
       0
       0
       0
       0
       0
       1
       0
       0
       0
       0
       0
       0
       0
       0
       1
       0
       0
       0
       0
       0
       0
       0
       0
       0
       1
       0
       0
       0
       0
       0
       1
       0
       0
       0
       0
       0
       0
       0
       0
       0
       0
       0
       0
       0
       0
       0
       0
       0
       0
       0
       0
       0
       0
       0
       0
       0
       0
       0
       0
       0
       0
       0
       0
       0
       0
       0
       0
       0
       0
       0
       0
       1
       0
       0
       0
       0
       0
       0
       0
       0
       0
       0
       0
       0
       0
       0
       0
       0
       0
       0
       0
       0
       0
       0
       0
       0
       0
       0
       1
       0
       1
       0
       0
       0
       0
       0
       0
       0
       0
       0
       0
       0
       0
       0
       0
       0
       0
       0
       0
       0
       0
       0
       0
       0
       0
       0
       0
       0
       0
       0
       1
       0
       0
       0
       0
       0
       0
       0
       0
       0
       0
       0
       0
       1
       0
       0
       0
       0
       0
       1
       0
       0
       0
       0
       0
       0
       0
       0
       0
       0
       0
       0
       0
       0
       0
       0
       0
       0
       0
       0
       0
       0
       0
       0
       0
       0
       0
       0
       0
       0
       0
       0
       0
       0
       0
       0
       0
       0
       0
       0
       0
       0
       0
       0
       0
       1
       0
       0
       0
       0
       0
       0
       0
       0
       0
       0
       0
       0
       0
       0
       0
       0
       0
       0
       0
       0
       0
       0
       0
       0
       0
       0
       0
       0
       0
       0
       0
       0
       0
       0
       0
       0
       0
       0
       0
       0
       0
       0
       0
       0
       0
       1
       0
       0
       0
       0
       0
       0
       0
       0
       0
       0
       0
       0
       0
       0
       0
       0
       0
       0
       0
       0
       0
       0
       0
       0
       0
       0
       0
       0
       0
       0
       0
       0
       0
       0
       0
       0
       0
       0
       0
       0
       0
       0
       0
       0
       0
       0
       0
       0
       0
       0
       0
       0
       0
       0
       0
       0
       0
       0
       0
       0
       0
       0
       0
       0
       0
       0
       0
       0
       0
       0
       0
       0
$ROI:
1
317 409
$PRESETS:
Live Time
240
0
$ENER_FIT:
0.000000 0.000000
$MCA_CAL:
3
0.000000E+000 0.000000E+000 0.000000E+000 
$SHAPE_CAL:
3
0.000000E+000 0.000000E+000 0.000000E+000
