$SPEC_ID:
No sample description was entered.
$SPEC_REM:
DET# 3
DETDESC# WD011-05 Easy-MCA-8k SN 13260149
AP# Maestro Version 7.01
$DATE_MEA:
03/31/2017 12:35:28
$MEAS_TIM:
240 240
$DATA:
0 1023
       0
       0
       0
       0
      28
     194
     178
     210
     186
     223
     237
     282
     379
     400
     461
     470
     372
     332
     269
     231
     213
     176
     158
     164
     166
     194
     161
     160
     163
     158
     159
     172
     184
     189
     176
     160
     195
     197
     197
     164
     199
     204
     178
     184
     193
     194
     206
     175
     190
     165
     192
     204
     194
     193
     197
     185
     229
     217
     201
     202
     180
     197
     207
     204
     212
     214
     178
     194
     202
     187
     188
     201
     180
     171
     159
     194
     196
     191
     209
     188
     178
     218
     200
     205
     250
     224
     235
     252
     212
     244
     225
     222
     209
     232
     215
     195
     202
     169
     177
     194
     178
     172
     168
     193
     176
     178
     175
     162
     161
     171
     132
     139
     155
     143
     160
     166
     126
     126
     147
     141
     120
     115
     121
     129
     125
     129
     119
     121
     131
     127
     117
     102
     111
     103
     112
      97
      98
      98
     107
      98
     104
     106
     102
     123
     101
      75
      93
      95
      92
      94
      93
     106
     102
      86
      87
      73
      86
      98
      76
      93
     105
      80
     104
     109
      84
      75
      85
     100
     101
      90
      80
      80
      91
      81
      80
      85
      95
      96
     109
      92
      71
      88
      94
      91
      89
      94
      92
      90
      81
     107
      88
      91
      91
      91
      85
      93
      88
      86
     104
      70
      96
      89
     100
      96
      76
     107
      76
      82
      91
      96
      96
     103
      83
      80
      78
      80
      65
      63
      71
      73
      74
      65
      62
      66
      60
      80
      58
      46
      70
      48
      48
      42
      44
      49
      33
      38
      43
      32
      31
      32
      31
      37
      22
      25
      30
      20
      21
      22
      19
      25
      14
      24
      21
      13
      11
      15
      22
      13
      10
      14
      12
      12
      16
       7
      14
       8
      12
      10
       9
       8
      13
      11
      13
      10
       8
       8
       7
       7
      11
      12
       3
      12
       7
       8
       8
       8
      10
       7
      18
      10
       9
       7
      11
      19
      17
      12
       9
      14
      11
      21
      21
      23
      26
      36
      30
      25
      46
      41
      38
      33
      46
      41
      56
      45
      46
      73
      58
      54
      60
      72
      62
      75
      85
      74
      84
     101
      88
     104
     113
      80
      94
     104
      93
     103
     121
      93
     106
     104
     100
     105
      83
      81
      85
      68
      67
      68
      61
      58
      54
      58
      48
      41
      50
      38
      24
      35
      30
      16
      20
      31
      15
      12
      20
      13
      13
      11
      17
      12
      11
       8
       1
       3
       6
       6
       3
       2
       2
       1
       0
       0
       1
       0
       0
       1
       0
       0
       1
       1
       0
       0
       0
       0
       0
       0
       1
       1
       0
       0
       0
       0
       0
       0
       0
       0
       0
       0
       0
       0
       0
       0
       0
       0
       0
       0
       0
       0
       0
       1
       0
       0
       0
       0
       1
       0
       0
       0
       0
       0
       0
       0
       0
       0
       1
       0
       0
       0
       1
       0
       0
       0
       0
       0
       0
       0
       0
       0
       1
       0
       0
       0
       1
       0
       0
       0
       0
       0
       0
       0
       0
       0
       1
       0
       1
       0
       0
       0
       0
       0
       0
       0
       0
       0
       0
       0
       0
       0
       0
       0
       0
       0
       0
       0
       1
       0
       0
       0
       0
       0
       0
       0
       0
       0
       0
       0
       0
       0
       0
       0
       0
       0
       0
       0
       0
       0
       1
       0
       0
       0
       0
       0
       0
       0
       0
       0
       0
       0
       0
       0
       0
       0
       0
       1
       0
       0
       0
       1
       0
       0
       0
       2
       0
       0
       0
       0
       0
       0
       0
       0
       0
       0
       0
       0
       0
       0
       0
       0
       0
       0
       0
       0
       0
       0
       0
       0
       0
       0
       0
       0
       0
       0
       0
       0
       0
       0
       0
       0
       0
       0
       0
       0
       0
       0
       0
       0
       0
       0
       0
       0
       0
       0
       0
       0
       0
       0
       0
       0
       0
       1
       0
       0
       0
       0
       0
       0
       0
       0
       0
       0
       0
       0
       0
       0
       0
       0
       0
       0
       0
       0
       1
       0
       0
       0
       0
       0
       0
       0
       0
       0
       0
       0
       1
       0
       1
       0
       0
       1
       0
       0
       0
       0
       1
       0
       0
       0
       0
       0
       0
       0
       0
       0
       0
       1
       0
       0
       0
       0
       0
       0
       0
       0
       0
       0
       0
       1
       0
       0
       0
       0
       0
       0
       0
       0
       0
       0
       0
       0
       1
       0
       0
       1
       0
       0
       0
       0
       0
       0
       0
       0
       0
       0
       0
       0
       0
       0
       0
       0
       0
       0
       0
       0
       1
       0
       0
       0
       0
       0
       0
       0
       0
       0
       0
       0
       1
       0
       0
       0
       0
       0
       0
       0
       0
       0
       0
       0
       0
       1
       0
       0
       0
       0
       0
       0
       0
       0
       0
       0
       0
       0
       0
       0
       0
       0
       0
       0
       1
       0
       0
       0
       0
       0
       0
       0
       0
       0
       0
       0
       0
       0
       0
       0
       0
       0
       0
       0
       0
       0
       0
       0
       0
       0
       0
       0
       0
       0
       0
       0
       0
       0
       0
       0
       0
       0
       0
       0
       0
       0
       0
       0
       0
       0
       0
       0
       0
       0
       0
       0
       0
       0
       0
       0
       0
       0
       0
       0
       0
       1
       0
       0
       0
       0
       0
       0
       0
       0
       0
       0
       0
       0
       1
       0
       0
       0
       0
       0
       0
       0
       0
       0
       0
       0
       0
       0
       0
       0
       0
       0
       0
       0
       0
       0
       0
       0
       0
       0
       0
       0
       0
       0
       0
       0
       0
       0
       0
       0
       0
       0
       0
       0
       0
       0
       0
       0
       0
       0
       0
       0
       0
       0
       0
       0
       0
       0
       0
       0
       0
       0
       0
       0
       0
       0
       0
       0
       0
       0
       0
       0
       0
       0
       0
       0
       0
       0
       0
       0
       0
       0
       0
       0
       0
       0
       0
       0
       0
       0
       0
       0
       0
       0
       0
       0
       0
       0
       0
       0
       0
       0
       0
       0
       0
       0
       0
       0
       0
       0
       0
       0
       0
       0
       0
       0
       0
       0
       0
       0
       0
       0
       0
       0
       0
       0
       0
       0
       0
       0
       0
       0
       0
       0
       0
       0
       0
       0
       0
       0
       0
       0
       0
       0
       0
       0
       0
       0
       0
       0
       0
       0
       1
       0
       0
       0
       0
       0
       0
       0
       0
       0
       0
       0
       0
       0
       0
       0
       0
       0
       0
       0
       0
       0
       0
       0
       0
       0
       0
       0
       0
       0
       0
       0
       0
       0
       0
       0
       0
       0
       0
       0
       0
       0
       0
       0
       0
       0
       0
       0
       0
       0
       0
       0
       0
       0
       0
       0
       0
       0
       0
       0
       0
       0
       0
       0
       0
       0
       0
       0
$ROI:
1
278 383
$PRESETS:
Live Time
240
0
$ENER_FIT:
0.000000 0.000000
$MCA_CAL:
3
0.000000E+000 0.000000E+000 0.000000E+000 
$SHAPE_CAL:
3
0.000000E+000 0.000000E+000 0.000000E+000
