$SPEC_ID:
No sample description was entered.
$SPEC_REM:
DET# 3
DETDESC# WD011-05 Easy-MCA-8k SN 13260149
AP# Maestro Version 7.01
$DATE_MEA:
04/03/2017 09:07:40
$MEAS_TIM:
240 240
$DATA:
0 1023
       0
       0
       0
       0
      30
     199
     209
     228
     215
     218
     230
     248
     339
     406
     471
     469
     493
     438
     397
     316
     288
     235
     220
     196
     201
     187
     173
     203
     184
     176
     180
     187
     186
     186
     180
     204
     188
     195
     182
     205
     213
     185
     199
     188
     206
     198
     189
     196
     217
     201
     229
     203
     219
     206
     226
     224
     227
     201
     209
     239
     251
     208
     236
     221
     246
     194
     224
     239
     237
     258
     213
     209
     239
     212
     218
     227
     221
     211
     214
     230
     229
     206
     199
     212
     205
     218
     204
     225
     213
     220
     220
     228
     222
     247
     240
     252
     283
     254
     259
     236
     260
     293
     261
     259
     234
     243
     243
     258
     241
     243
     215
     225
     209
     201
     238
     200
     205
     202
     224
     184
     177
     189
     195
     151
     179
     183
     176
     165
     175
     175
     141
     168
     143
     151
     135
     132
     143
     143
     133
     137
     112
     136
     127
     110
     125
     132
     114
     111
     129
     140
     119
     122
     116
     111
     135
     129
     120
     121
     120
     114
     111
      97
     108
     107
     112
     112
     123
     110
     119
     110
     115
      99
      97
     108
     114
     103
      97
      89
     103
     110
     105
      98
     129
      99
     108
     101
     101
     115
      97
      98
      91
      86
     113
     104
     112
      93
     120
     104
      94
      99
     101
     120
     101
     109
      97
     113
      82
     110
      99
     108
     106
     105
      90
     100
     109
     113
     107
      98
     121
     109
      94
      98
     104
      79
     115
     105
     104
     101
      86
     104
      94
     126
      85
     119
     110
     108
     101
      88
      99
     103
      90
     108
     109
      99
      97
     102
      77
     102
      75
      83
      80
      81
      89
      77
      93
      81
      73
      78
      74
      68
      62
      65
      67
      47
      57
      40
      44
      40
      39
      31
      33
      54
      31
      29
      25
      41
      26
      23
      22
      21
      24
      22
      24
      26
      21
      14
      16
      17
      17
      12
      14
      11
      17
      15
      17
      20
      19
       9
      14
      19
       8
      12
      10
      10
       8
      13
       5
      12
      15
      11
      11
      14
       9
      11
      12
       8
      11
       5
       9
       7
      12
       9
      13
       7
       7
      10
      10
      12
       8
      10
       7
       8
       8
       7
      17
      14
      11
      14
      14
      21
      13
      19
      14
      31
      17
      18
      22
      23
      26
      27
      34
      54
      43
      43
      49
      48
      75
      56
      46
      75
      83
      91
      98
     108
      89
     103
     102
     101
     108
     132
     124
     126
     137
     149
     129
     109
     145
     114
     114
     150
     124
     127
     123
     110
     112
     114
     101
     113
      94
      83
      83
     106
      99
      59
      81
      55
      68
      51
      43
      45
      45
      41
      34
      27
      30
      25
      20
      21
      17
      15
      16
       8
      14
      12
      13
      13
       7
      10
       8
       4
       3
       5
       5
       1
       4
       4
       2
       2
       2
       0
       0
       2
       2
       0
       0
       0
       0
       0
       1
       0
       0
       0
       1
       1
       0
       0
       0
       0
       0
       1
       0
       0
       0
       0
       0
       0
       0
       0
       0
       0
       0
       0
       0
       0
       0
       0
       0
       1
       0
       0
       0
       0
       1
       0
       0
       0
       0
       0
       0
       0
       0
       0
       0
       0
       0
       0
       0
       1
       0
       1
       0
       0
       0
       0
       0
       0
       0
       0
       0
       0
       0
       0
       0
       0
       0
       0
       0
       0
       0
       0
       0
       0
       0
       0
       0
       0
       0
       0
       0
       0
       0
       0
       1
       0
       0
       0
       0
       0
       0
       0
       0
       0
       1
       0
       0
       0
       0
       0
       0
       0
       0
       0
       0
       0
       1
       0
       0
       0
       0
       0
       0
       0
       0
       0
       0
       0
       0
       2
       0
       1
       0
       0
       0
       0
       0
       0
       0
       0
       0
       0
       1
       0
       0
       0
       1
       1
       0
       0
       0
       0
       0
       0
       0
       0
       0
       0
       0
       0
       0
       0
       1
       0
       0
       0
       0
       1
       1
       0
       0
       0
       1
       0
       0
       1
       0
       0
       0
       0
       0
       0
       0
       0
       0
       1
       0
       0
       0
       0
       0
       0
       0
       0
       0
       0
       0
       0
       0
       0
       0
       0
       0
       0
       0
       0
       0
       0
       0
       0
       0
       0
       0
       0
       0
       0
       0
       0
       0
       0
       0
       0
       1
       0
       0
       0
       0
       0
       0
       0
       0
       0
       0
       0
       0
       0
       0
       0
       0
       1
       0
       0
       0
       0
       0
       0
       0
       0
       0
       1
       0
       0
       0
       0
       0
       0
       0
       0
       1
       0
       0
       0
       0
       0
       0
       0
       0
       0
       0
       1
       0
       0
       0
       0
       0
       0
       0
       0
       0
       0
       0
       0
       0
       0
       0
       1
       1
       0
       0
       1
       0
       0
       0
       0
       0
       0
       0
       0
       0
       0
       0
       0
       0
       0
       0
       0
       0
       0
       1
       0
       0
       1
       0
       0
       0
       0
       0
       0
       0
       0
       0
       0
       0
       0
       0
       0
       0
       0
       0
       0
       0
       0
       0
       0
       0
       0
       0
       0
       0
       0
       0
       0
       0
       0
       0
       0
       0
       0
       0
       0
       0
       0
       0
       0
       0
       0
       0
       0
       0
       0
       0
       0
       0
       0
       0
       0
       0
       0
       0
       0
       0
       0
       0
       0
       0
       0
       0
       0
       0
       0
       0
       0
       0
       0
       0
       0
       0
       0
       0
       0
       0
       0
       0
       0
       0
       0
       0
       0
       0
       0
       0
       0
       0
       1
       0
       0
       0
       0
       0
       0
       0
       0
       0
       0
       0
       0
       0
       0
       0
       0
       0
       0
       0
       0
       0
       0
       0
       0
       0
       0
       0
       0
       0
       0
       0
       0
       0
       0
       0
       0
       0
       0
       0
       0
       0
       0
       0
       0
       0
       0
       0
       0
       0
       0
       0
       0
       0
       0
       0
       0
       0
       0
       0
       0
       0
       0
       0
       0
       0
       0
       0
       0
       0
       0
       0
       0
       0
       0
       0
       0
       0
       0
       0
       0
       1
       0
       0
       0
       0
       0
       0
       0
       0
       0
       0
       0
       0
       0
       0
       0
       0
       0
       0
       0
       0
       0
       0
       0
       0
       0
       0
       0
       0
       0
       0
       0
       0
       0
       0
       0
       0
       1
       0
       0
       0
       0
       0
       0
       0
       0
       0
       0
       0
       0
       0
       0
       0
       0
       0
       0
       0
       0
       0
       0
       0
       0
       0
       0
       0
       0
       0
       0
       0
       0
       0
       0
       0
       0
       0
       0
       0
       0
       0
       0
       0
       0
       0
       0
       0
       0
       0
       0
       0
       0
       0
       1
       0
       0
       0
       0
       0
       0
       0
       0
       0
       0
       0
       0
       0
       0
       0
       0
       0
       0
       0
       0
$ROI:
1
334 425
$PRESETS:
Live Time
240
0
$ENER_FIT:
0.000000 0.000000
$MCA_CAL:
3
0.000000E+000 0.000000E+000 0.000000E+000 
$SHAPE_CAL:
3
0.000000E+000 0.000000E+000 0.000000E+000
