$SPEC_ID:
No sample description was entered.
$SPEC_REM:
DET# 3
DETDESC# WD011-05 Easy-MCA-8k SN 13260149
AP# Maestro Version 7.01
$DATE_MEA:
03/31/2017 12:09:28
$MEAS_TIM:
240 240
$DATA:
0 1023
       0
       0
       0
       0
      58
     222
     210
     212
     238
     252
     329
     375
     435
     495
     518
     455
     395
     323
     288
     224
     226
     226
     202
     191
     212
     200
     178
     200
     191
     199
     196
     218
     249
     199
     207
     191
     223
     215
     253
     203
     218
     265
     237
     238
     244
     221
     236
     216
     223
     235
     228
     199
     246
     257
     247
     224
     251
     202
     241
     223
     219
     206
     232
     258
     221
     253
     253
     220
     234
     241
     208
     241
     237
     217
     214
     231
     215
     237
     234
     264
     269
     280
     240
     254
     248
     313
     248
     284
     282
     272
     254
     247
     261
     311
     274
     256
     208
     255
     226
     250
     215
     220
     212
     195
     231
     210
     217
     176
     182
     204
     196
     170
     192
     166
     167
     172
     159
     169
     149
     146
     154
     137
     153
     152
     143
     146
     134
     141
     139
     134
     138
     135
     141
     135
     128
     126
     133
     130
     151
     137
     121
     124
     150
     133
     115
      99
     106
     124
     117
     112
     105
     105
     108
     106
     125
     106
      91
      98
     126
     104
     104
     115
     110
     114
     106
     102
      99
     110
     115
     110
     114
     112
     117
     107
     101
     113
     110
     111
      98
     121
     108
     132
      97
     126
     115
     118
     115
      99
     116
     105
     131
     130
     113
     105
     103
     106
     111
     104
     103
      97
     101
     120
     126
     129
     120
     106
     120
     127
     120
     115
     114
     105
     115
      93
      89
     113
      74
      90
      87
      96
      83
      85
      63
      76
      68
      70
      56
      63
      44
      53
      47
      45
      45
      41
      42
      39
      39
      25
      38
      28
      24
      39
      36
      36
      28
      22
      23
      26
      27
      16
      14
      22
      12
      12
      16
      20
      19
      15
       8
      12
      11
      15
       9
      10
      12
      15
       9
      11
      13
       8
       9
      13
      13
      12
      15
      11
      21
       8
       7
      12
       8
      19
      13
      20
      14
      15
      18
      19
      14
      17
      23
      17
      26
      19
      22
      29
      21
      26
      31
      23
      25
      39
      33
      53
      52
      39
      66
      49
      57
      62
      64
      81
      84
      94
      80
      93
      90
     104
     107
     113
     128
     130
     137
     123
     130
     125
     133
     159
     112
     117
     120
     112
     113
     106
      96
      96
      90
      87
     106
      89
      78
      65
      80
      60
      61
      48
      47
      38
      31
      44
      28
      34
      21
      13
      18
      19
      14
      13
      17
      10
      15
       6
       6
       7
       6
       6
       3
       2
       1
       1
       0
       2
       3
       0
       3
       0
       1
       1
       0
       0
       0
       0
       1
       1
       0
       1
       1
       1
       1
       0
       0
       0
       0
       1
       0
       0
       0
       0
       1
       0
       0
       0
       0
       0
       1
       0
       0
       0
       0
       1
       0
       0
       0
       0
       0
       0
       1
       0
       0
       0
       0
       0
       0
       0
       0
       0
       0
       0
       0
       0
       0
       0
       0
       1
       0
       0
       1
       0
       0
       0
       0
       0
       1
       0
       0
       0
       1
       0
       0
       0
       0
       0
       0
       0
       0
       0
       0
       0
       1
       0
       0
       0
       1
       0
       0
       1
       1
       0
       0
       1
       0
       0
       0
       0
       0
       0
       0
       0
       0
       1
       0
       0
       0
       0
       0
       0
       0
       0
       0
       0
       0
       0
       0
       0
       0
       1
       0
       0
       0
       0
       0
       0
       0
       0
       0
       0
       0
       0
       0
       0
       0
       0
       0
       0
       0
       0
       0
       0
       0
       0
       0
       0
       0
       0
       0
       0
       0
       0
       0
       1
       0
       0
       0
       0
       0
       0
       0
       0
       0
       0
       0
       0
       0
       0
       0
       0
       0
       0
       0
       0
       0
       0
       0
       0
       2
       0
       0
       0
       0
       0
       2
       0
       0
       0
       0
       0
       0
       0
       0
       1
       0
       0
       1
       0
       0
       0
       0
       0
       1
       0
       0
       0
       0
       0
       0
       0
       0
       0
       1
       0
       0
       0
       1
       1
       0
       0
       0
       0
       0
       0
       0
       0
       0
       0
       0
       0
       0
       0
       1
       0
       0
       0
       2
       0
       0
       0
       0
       0
       1
       0
       0
       0
       0
       1
       0
       0
       0
       0
       0
       0
       0
       0
       0
       1
       0
       0
       0
       0
       0
       0
       0
       0
       0
       0
       0
       0
       0
       0
       0
       0
       0
       1
       0
       0
       0
       0
       0
       1
       0
       0
       0
       0
       0
       0
       0
       0
       0
       0
       0
       0
       0
       0
       0
       0
       0
       0
       0
       0
       0
       0
       0
       0
       0
       1
       0
       0
       0
       0
       0
       0
       0
       0
       0
       1
       0
       0
       0
       0
       0
       0
       0
       0
       0
       0
       0
       0
       0
       0
       0
       0
       0
       0
       0
       0
       0
       0
       0
       0
       0
       0
       0
       0
       0
       0
       0
       0
       0
       0
       0
       0
       0
       0
       0
       0
       0
       0
       1
       0
       0
       1
       0
       0
       0
       0
       0
       0
       0
       0
       0
       0
       0
       0
       0
       0
       0
       0
       0
       0
       0
       0
       0
       0
       0
       0
       0
       0
       0
       0
       0
       0
       0
       0
       0
       0
       0
       0
       0
       0
       0
       0
       0
       0
       0
       0
       0
       0
       0
       0
       0
       0
       0
       0
       0
       0
       0
       0
       0
       0
       0
       0
       0
       0
       0
       1
       0
       0
       1
       0
       0
       0
       0
       0
       0
       0
       0
       0
       0
       0
       0
       0
       0
       0
       0
       0
       0
       0
       0
       0
       0
       0
       0
       0
       0
       0
       0
       0
       0
       0
       0
       0
       0
       0
       0
       0
       0
       0
       0
       0
       0
       0
       0
       0
       0
       0
       0
       0
       0
       0
       0
       0
       0
       0
       0
       0
       0
       0
       0
       0
       0
       0
       0
       0
       0
       0
       0
       0
       0
       0
       0
       0
       0
       0
       0
       0
       0
       1
       0
       0
       0
       0
       0
       0
       0
       0
       0
       0
       0
       0
       0
       0
       0
       0
       0
       0
       0
       0
       0
       0
       0
       0
       0
       1
       0
       0
       0
       0
       0
       0
       0
       0
       0
       0
       0
       0
       1
       0
       0
       0
       0
       0
       0
       0
       0
       0
       0
       0
       0
       0
       0
       0
       0
       0
       0
       0
       0
       0
       0
       0
       0
       0
       0
       0
       0
       0
       0
       0
       0
       0
       0
       0
       0
       0
       0
       0
       0
       0
       0
       0
       0
       0
       0
       0
       0
       0
       0
       0
       0
       0
       0
       0
       0
       0
       0
       0
       0
       0
       0
       0
       0
       0
       0
       0
       0
       0
       0
       0
       0
       0
       0
       0
       0
       0
       0
       0
       0
       0
       0
       0
       0
       0
       0
       0
       0
       0
       0
       0
       0
       0
       0
       0
       0
       0
       0
       0
$ROI:
1
262 376
$PRESETS:
Live Time
240
0
$ENER_FIT:
0.000000 0.000000
$MCA_CAL:
3
0.000000E+000 0.000000E+000 0.000000E+000 
$SHAPE_CAL:
3
0.000000E+000 0.000000E+000 0.000000E+000
