$SPEC_ID:
No sample description was entered.
$SPEC_REM:
DET# 3
DETDESC# WD011-05 Easy-MCA-8k SN 13260149
AP# Maestro Version 7.01
$DATE_MEA:
03/31/2017 11:44:29
$MEAS_TIM:
240 240
$DATA:
0 1023
       0
       0
       0
       0
      56
     291
     226
     223
     274
     275
     370
     431
     550
     548
     477
     448
     423
     357
     271
     249
     224
     217
     196
     205
     200
     205
     209
     218
     239
     208
     210
     228
     224
     232
     233
     209
     220
     228
     238
     222
     210
     218
     238
     170
     207
     205
     225
     225
     232
     240
     239
     240
     257
     233
     277
     277
     256
     255
     270
     222
     225
     262
     249
     243
     241
     230
     247
     209
     195
     208
     206
     237
     213
     239
     207
     246
     255
     238
     260
     233
     255
     286
     260
     244
     284
     265
     274
     273
     293
     261
     275
     230
     259
     263
     253
     227
     224
     247
     235
     203
     224
     189
     217
     207
     185
     193
     177
     162
     193
     196
     192
     186
     176
     174
     174
     183
     165
     176
     167
     151
     147
     176
     150
     145
     145
     174
     140
     142
     138
     122
     137
     136
     174
     137
     135
     142
     124
     136
     131
     112
     109
     111
     112
     111
     137
      96
     123
     117
      99
     128
      95
     108
     133
     113
     121
     104
     116
     112
     112
      99
     113
     115
      96
      89
     113
     108
      92
     103
     120
      98
     110
     108
     112
     128
     123
     117
     104
     110
     108
     105
     105
     103
     119
     113
     115
     107
     113
     109
     112
     124
     136
     112
     111
     111
     110
     103
     110
     109
     111
     111
     102
     116
     100
     117
      98
     104
     119
     106
      88
     100
     101
      90
      90
      88
      98
      73
      71
      74
      84
      70
      78
      68
      57
      53
      53
      51
      53
      49
      47
      56
      44
      44
      36
      46
      42
      33
      36
      25
      28
      40
      25
      24
      29
      19
      17
      12
      20
      22
      24
      12
      11
      17
      23
      22
      25
      11
      13
      16
      13
      15
      10
      10
      17
      13
      10
      18
       5
      10
      10
      12
      13
      14
      14
      17
       9
      11
      14
       6
      18
      19
      14
      12
      14
      22
      16
      20
      28
      18
      18
      28
      40
      33
      30
      48
      42
      43
      51
      39
      59
      61
      50
      50
      68
      75
      56
      71
      75
      86
      82
      97
      93
      86
     103
      98
     100
     126
     104
     102
     116
     108
     104
     113
      98
     112
     105
     108
      96
      98
      93
     112
     106
      98
      79
      76
      76
      72
      85
      71
      50
      62
      67
      57
      48
      43
      41
      33
      24
      19
      34
      37
      34
      30
      22
      18
      20
      16
       8
       6
      10
      10
      13
       5
      11
       6
       4
       4
       3
       1
       2
       0
       1
       3
       2
       4
       1
       0
       0
       0
       0
       0
       2
       0
       0
       0
       1
       1
       0
       1
       0
       0
       0
       0
       3
       0
       0
       0
       0
       0
       0
       1
       0
       0
       0
       0
       0
       0
       0
       1
       1
       0
       0
       0
       1
       0
       0
       0
       0
       0
       0
       0
       0
       1
       0
       0
       0
       0
       0
       0
       1
       1
       0
       0
       0
       0
       0
       0
       0
       1
       0
       0
       0
       0
       0
       0
       1
       0
       1
       0
       0
       0
       0
       0
       0
       0
       0
       0
       0
       0
       0
       1
       0
       0
       0
       0
       1
       0
       0
       0
       0
       0
       0
       0
       0
       0
       1
       0
       0
       0
       0
       0
       0
       0
       0
       0
       0
       1
       0
       0
       0
       0
       0
       0
       0
       0
       0
       0
       0
       1
       0
       0
       0
       0
       1
       0
       0
       0
       0
       0
       1
       0
       0
       0
       0
       0
       0
       0
       1
       0
       0
       0
       0
       0
       0
       0
       0
       0
       0
       0
       0
       0
       0
       0
       0
       0
       0
       0
       0
       0
       0
       0
       0
       0
       0
       0
       0
       0
       0
       0
       1
       0
       0
       0
       0
       0
       0
       0
       0
       0
       1
       0
       0
       0
       0
       0
       0
       0
       0
       0
       0
       0
       0
       0
       0
       0
       0
       1
       0
       0
       0
       0
       0
       0
       1
       0
       0
       0
       0
       0
       0
       0
       0
       0
       0
       0
       0
       0
       0
       0
       0
       0
       0
       0
       0
       0
       0
       1
       0
       0
       0
       0
       0
       0
       0
       0
       0
       0
       1
       1
       1
       0
       0
       0
       0
       0
       0
       0
       0
       0
       0
       0
       0
       0
       0
       0
       1
       0
       0
       0
       0
       1
       0
       0
       0
       0
       0
       0
       0
       0
       0
       0
       0
       0
       0
       0
       0
       0
       0
       0
       0
       0
       0
       0
       0
       0
       0
       0
       0
       0
       0
       0
       0
       0
       0
       0
       0
       0
       0
       0
       0
       0
       0
       0
       0
       0
       0
       0
       0
       0
       0
       0
       0
       0
       0
       0
       0
       0
       0
       0
       0
       0
       0
       0
       0
       0
       0
       0
       0
       0
       0
       0
       0
       0
       0
       0
       0
       0
       0
       0
       0
       1
       0
       0
       0
       0
       0
       0
       0
       0
       0
       0
       0
       0
       0
       0
       0
       0
       0
       1
       0
       0
       0
       0
       0
       0
       0
       0
       1
       0
       0
       0
       0
       0
       0
       0
       0
       0
       0
       0
       0
       0
       0
       0
       0
       0
       0
       1
       0
       0
       0
       0
       0
       0
       0
       0
       0
       0
       0
       0
       0
       0
       0
       0
       0
       0
       0
       0
       0
       0
       0
       0
       0
       0
       0
       0
       0
       0
       0
       0
       0
       0
       0
       0
       0
       0
       0
       0
       0
       0
       0
       0
       0
       0
       0
       0
       0
       0
       0
       0
       0
       0
       0
       0
       0
       0
       1
       0
       0
       0
       0
       0
       0
       0
       0
       0
       0
       0
       0
       0
       0
       0
       1
       0
       0
       0
       0
       0
       0
       0
       0
       0
       0
       0
       0
       0
       0
       0
       0
       0
       0
       0
       0
       0
       0
       0
       0
       0
       0
       0
       0
       0
       0
       0
       0
       0
       0
       0
       0
       0
       0
       0
       0
       0
       0
       0
       0
       0
       0
       0
       0
       0
       0
       0
       0
       0
       0
       0
       0
       0
       0
       0
       0
       0
       0
       0
       0
       0
       0
       0
       0
       0
       0
       0
       0
       0
       0
       0
       0
       0
       0
       0
       0
       0
       0
       0
       0
       0
       0
       0
       0
       0
       0
       0
       0
       0
       0
       0
       0
       0
       0
       0
       0
       0
       0
       0
       0
       0
       0
       0
       0
       0
       0
       0
       0
       0
       0
       0
       0
       0
       0
       0
       0
       0
       0
       0
       0
       0
       0
       0
       0
       0
       0
       0
       0
       0
       0
       0
       0
       0
       1
       0
       0
       0
       0
       0
       0
       0
       0
       0
       0
       0
       0
       0
       0
       0
       0
       0
       0
       0
       1
       0
       0
       0
       0
       0
       0
       0
       0
       0
       0
       0
       0
       0
       0
       0
       0
       0
       0
       0
       0
       0
       0
       0
       0
       0
$ROI:
1
262 376
$PRESETS:
Live Time
240
0
$ENER_FIT:
0.000000 0.000000
$MCA_CAL:
3
0.000000E+000 0.000000E+000 0.000000E+000 
$SHAPE_CAL:
3
0.000000E+000 0.000000E+000 0.000000E+000
