$SPEC_ID:
No sample description was entered.
$SPEC_REM:
DET# 3
DETDESC# WD011-05 Easy-MCA-8k SN 13260149
AP# Maestro Version 7.01
$DATE_MEA:
03/31/2017 11:36:16
$MEAS_TIM:
240 240
$DATA:
0 1023
       0
       0
       0
       0
      37
     247
     182
     202
     234
     207
     210
     253
     326
     405
     435
     493
     441
     411
     403
     312
     282
     223
     212
     189
     200
     182
     216
     185
     181
     196
     187
     180
     208
     214
     187
     218
     200
     221
     212
     205
     210
     183
     222
     199
     226
     195
     213
     225
     204
     215
     216
     219
     217
     219
     222
     215
     223
     199
     206
     241
     239
     225
     231
     243
     202
     269
     216
     223
     198
     213
     215
     201
     221
     193
     205
     207
     222
     206
     206
     196
     201
     236
     202
     188
     240
     230
     231
     227
     248
     258
     253
     254
     261
     253
     259
     252
     247
     265
     244
     268
     248
     255
     223
     241
     232
     257
     198
     225
     213
     187
     212
     197
     192
     211
     190
     166
     193
     148
     158
     170
     169
     168
     157
     168
     120
     156
     174
     123
     169
     139
     137
     160
     171
     136
     120
     114
     148
     140
     121
     138
     132
     125
     114
     131
     139
      92
     120
     114
     105
     117
     100
     121
     117
     105
     113
      89
      88
     102
      95
     119
      89
     121
      91
      97
     118
     104
      92
     109
      92
      78
     107
      89
     103
     103
     103
      81
     101
      90
      99
     105
     102
      90
     110
      88
      92
      96
      88
     112
      91
      96
      98
      88
     108
      90
      87
      93
      91
     106
      88
      96
      85
      75
      94
      90
     106
      98
     107
      93
     113
     101
     105
      89
      97
      83
     105
     105
     102
      84
     106
     111
      91
      92
     102
      85
      96
     100
      92
     114
     104
     103
     104
     101
      97
      89
      87
      81
      80
      83
      90
      91
      88
      91
      86
      72
      93
      71
      75
      77
      54
      57
      64
      59
      46
      53
      57
      44
      40
      40
      43
      36
      37
      35
      38
      30
      25
      27
      28
      28
      27
      23
      19
      22
      20
      26
      14
      18
      16
      18
      13
      23
      17
      16
      14
      14
      18
      14
      19
      14
      11
      15
      11
      16
      15
      12
      16
      11
       9
      13
       7
      11
       5
      13
       8
      14
      10
       8
       9
       8
       8
      10
       3
       9
      10
       7
       9
      12
       6
       5
       5
       9
      13
      10
      11
      20
      15
      12
      11
      14
       9
      18
      23
      27
      20
      25
      38
      44
      31
      30
      35
      40
      46
      53
      58
      58
      55
      73
      63
      72
      96
      79
      85
      92
      93
     105
     119
     105
     122
     126
     100
     118
     119
     128
     122
     110
     124
     137
     100
     116
     125
     103
     127
     122
      90
      84
      80
      93
      90
      72
      53
      63
      66
      60
      63
      37
      44
      54
      37
      32
      37
      35
      29
      23
      19
      22
      24
      15
       9
      11
       9
       7
       6
       2
       6
       3
       0
       4
       8
       1
       2
       3
       1
       1
       0
       3
       1
       2
       1
       0
       0
       1
       0
       1
       1
       0
       1
       0
       0
       0
       0
       0
       1
       0
       1
       1
       0
       0
       0
       0
       1
       1
       1
       0
       0
       0
       0
       0
       0
       0
       0
       0
       0
       0
       0
       1
       0
       0
       0
       0
       0
       0
       0
       0
       0
       0
       0
       0
       1
       0
       0
       0
       0
       0
       0
       0
       0
       1
       1
       0
       0
       0
       0
       0
       0
       0
       0
       0
       1
       0
       0
       0
       1
       0
       0
       0
       0
       1
       0
       2
       0
       0
       0
       0
       0
       1
       0
       0
       0
       0
       1
       0
       0
       0
       0
       0
       0
       0
       0
       0
       0
       0
       0
       0
       0
       0
       1
       1
       0
       1
       0
       0
       0
       0
       2
       0
       0
       0
       0
       0
       1
       0
       0
       0
       0
       0
       0
       0
       0
       0
       0
       0
       0
       0
       1
       0
       0
       0
       0
       0
       0
       1
       0
       0
       0
       1
       0
       1
       2
       1
       0
       0
       0
       0
       0
       0
       0
       0
       0
       0
       0
       0
       0
       0
       0
       0
       0
       0
       1
       0
       0
       0
       0
       0
       0
       0
       0
       0
       0
       0
       1
       0
       0
       0
       0
       0
       0
       0
       0
       0
       0
       0
       0
       0
       0
       0
       0
       0
       1
       0
       0
       0
       0
       0
       0
       0
       0
       0
       0
       0
       0
       0
       0
       0
       1
       0
       0
       1
       0
       0
       0
       0
       0
       0
       0
       1
       0
       0
       0
       0
       0
       0
       0
       0
       1
       0
       1
       0
       0
       0
       0
       0
       0
       0
       0
       0
       0
       0
       0
       0
       0
       0
       0
       0
       1
       0
       0
       0
       0
       0
       0
       0
       0
       0
       0
       0
       1
       0
       0
       0
       0
       0
       0
       0
       0
       0
       0
       0
       0
       0
       0
       0
       0
       0
       1
       0
       0
       0
       0
       0
       0
       0
       0
       0
       0
       0
       0
       0
       0
       0
       0
       0
       0
       0
       0
       0
       0
       0
       1
       0
       1
       0
       0
       0
       0
       0
       0
       0
       0
       0
       0
       0
       0
       0
       0
       0
       0
       1
       1
       0
       0
       0
       0
       0
       1
       0
       0
       0
       0
       0
       0
       0
       0
       0
       0
       0
       0
       0
       0
       0
       0
       0
       0
       0
       0
       0
       0
       0
       0
       0
       0
       0
       0
       0
       0
       0
       0
       0
       1
       0
       0
       0
       0
       0
       0
       0
       0
       0
       0
       0
       0
       0
       0
       0
       0
       0
       0
       0
       0
       0
       0
       0
       0
       0
       0
       0
       0
       0
       0
       0
       0
       0
       0
       0
       0
       0
       0
       0
       0
       0
       0
       0
       0
       0
       1
       0
       0
       0
       0
       0
       0
       0
       0
       0
       0
       0
       0
       0
       0
       0
       0
       0
       0
       0
       0
       1
       0
       1
       0
       0
       0
       0
       0
       0
       0
       0
       0
       0
       0
       0
       0
       0
       0
       0
       0
       0
       0
       0
       0
       0
       0
       0
       0
       0
       0
       0
       0
       0
       0
       0
       0
       0
       0
       0
       0
       0
       0
       0
       0
       0
       0
       0
       0
       0
       0
       0
       0
       0
       0
       0
       0
       0
       0
       0
       0
       0
       0
       0
       0
       0
       0
       0
       0
       1
       0
       0
       0
       0
       0
       0
       0
       0
       0
       0
       0
       0
       0
       0
       1
       0
       0
       0
       0
       0
       0
       0
       0
       0
       0
       0
       0
       0
       0
       0
       0
       0
       0
       0
       0
       0
       0
       0
       0
       0
       0
       0
       0
       0
       0
       0
       0
       0
       0
       0
       0
       0
       0
       0
       0
       0
       0
       0
       0
       0
       0
       0
       0
       0
       0
       0
       1
       0
       0
       0
       0
       0
       0
       0
       0
       0
       0
       0
       0
       0
       0
       0
       0
       0
       0
       0
       0
       0
       0
       0
       0
       0
       0
       0
       0
       0
       0
       0
       0
       0
       0
       0
$ROI:
1
312 408
$PRESETS:
Live Time
240
0
$ENER_FIT:
0.000000 0.000000
$MCA_CAL:
3
0.000000E+000 0.000000E+000 0.000000E+000 
$SHAPE_CAL:
3
0.000000E+000 0.000000E+000 0.000000E+000
