$SPEC_ID:
No sample description was entered.
$SPEC_REM:
DET# 3
DETDESC# WD011-05 Easy-MCA-8k SN 13260149
AP# Maestro Version 7.01
$DATE_MEA:
04/03/2017 09:01:42
$MEAS_TIM:
240 240
$DATA:
0 1023
       0
       0
       0
       0
      42
     212
     189
     220
     209
     234
     236
     269
     342
     380
     499
     518
     452
     434
     387
     283
     278
     205
     197
     207
     200
     179
     180
     213
     185
     205
     182
     196
     207
     194
     205
     182
     204
     206
     221
     197
     194
     167
     213
     210
     180
     198
     192
     196
     217
     179
     202
     207
     207
     205
     226
     221
     222
     205
     230
     222
     225
     230
     205
     231
     225
     244
     206
     224
     220
     218
     239
     222
     224
     237
     214
     202
     211
     184
     206
     214
     196
     214
     208
     182
     230
     234
     214
     232
     219
     232
     217
     221
     274
     226
     237
     268
     240
     263
     241
     263
     244
     240
     245
     246
     223
     237
     265
     233
     226
     216
     181
     236
     180
     178
     199
     225
     207
     198
     191
     210
     177
     175
     163
     143
     174
     180
     146
     136
     145
     162
     138
     130
     152
     142
     148
     153
     141
     133
     127
     115
     123
     126
     124
     135
     129
     114
     116
     125
     116
     108
     109
     120
      96
     101
     117
      96
      95
     108
     103
      94
      97
     109
      93
     119
      83
      98
      97
     101
     102
     111
      98
      85
      97
     103
      95
      94
     104
     122
      82
      94
     100
     127
      89
     104
      96
      84
     105
      85
     110
      96
     105
      96
     116
      88
     101
      79
     101
      84
      86
      91
     120
      87
      87
      94
      77
     107
     100
      96
     107
      99
      98
      92
      99
     120
      98
     101
     101
     105
      96
      87
     112
      85
     112
     108
      89
     106
      84
      90
      95
     105
      94
      93
      94
      89
      85
      91
     103
      90
      87
     101
      82
      89
      81
      92
      90
      71
      86
      68
      71
      81
      62
      64
      54
      64
      55
      51
      38
      49
      50
      54
      36
      44
      47
      44
      39
      36
      23
      41
      32
      31
      36
      27
      23
      23
      16
      21
      22
      21
      20
      16
      17
      17
      19
      13
      11
      16
      18
      13
       8
      12
       8
      14
      14
      12
      12
      12
      16
      12
       8
      12
       9
       4
      10
       5
      10
      12
      11
       9
       8
       9
       6
       8
       9
      11
       8
       7
       8
       5
      15
      11
      12
      14
       6
      15
      14
      12
      13
      23
      10
      16
      14
      28
      19
      17
      22
      22
      25
      32
      36
      32
      41
      39
      48
      44
      43
      50
      48
      64
      50
      65
      80
      70
      78
      66
      92
     102
      89
      96
     105
     106
     105
     116
     119
     136
      94
     119
     115
     101
     114
     129
     111
     113
     113
     104
     104
     104
     116
      80
      89
      87
      87
      87
      90
      69
      62
      58
      64
      54
      56
      41
      55
      50
      36
      37
      30
      27
      20
      20
      28
      21
      26
      16
      14
       8
      15
       9
      11
       3
       7
       4
       9
       6
       5
       3
       6
       3
       4
       4
       2
       1
       0
       2
       4
       1
       1
       2
       0
       1
       0
       1
       1
       0
       0
       0
       1
       0
       0
       0
       1
       0
       0
       0
       0
       1
       0
       0
       1
       0
       0
       1
       0
       0
       0
       0
       0
       0
       0
       0
       0
       0
       0
       0
       0
       0
       0
       0
       0
       0
       0
       0
       0
       0
       1
       0
       0
       1
       0
       0
       0
       0
       0
       0
       0
       0
       1
       0
       0
       0
       0
       0
       0
       0
       0
       0
       0
       0
       0
       0
       0
       0
       0
       0
       0
       0
       0
       0
       0
       0
       0
       0
       0
       0
       0
       0
       0
       0
       0
       0
       0
       0
       1
       0
       1
       1
       0
       0
       1
       1
       0
       0
       0
       0
       0
       0
       0
       0
       0
       0
       0
       0
       0
       0
       0
       0
       0
       0
       0
       1
       0
       0
       1
       0
       0
       0
       0
       0
       0
       0
       2
       1
       0
       0
       0
       0
       0
       0
       0
       1
       0
       0
       1
       0
       0
       0
       0
       0
       0
       0
       0
       0
       0
       1
       0
       0
       0
       0
       0
       1
       0
       0
       0
       0
       0
       0
       0
       0
       0
       0
       0
       0
       0
       0
       0
       0
       0
       0
       0
       1
       0
       1
       0
       0
       0
       1
       0
       1
       0
       0
       0
       0
       0
       0
       0
       0
       0
       0
       0
       0
       2
       0
       0
       0
       0
       0
       1
       1
       0
       0
       0
       0
       0
       0
       0
       0
       0
       0
       0
       1
       0
       0
       0
       0
       0
       0
       1
       0
       0
       0
       1
       0
       0
       0
       0
       0
       0
       0
       1
       0
       0
       1
       0
       0
       0
       0
       0
       0
       0
       0
       0
       0
       0
       0
       0
       0
       2
       0
       0
       0
       0
       0
       0
       0
       0
       0
       0
       0
       0
       1
       0
       0
       0
       0
       0
       0
       0
       0
       0
       0
       0
       0
       0
       1
       0
       0
       0
       0
       0
       0
       0
       0
       0
       0
       0
       0
       0
       0
       0
       0
       0
       0
       0
       0
       0
       0
       0
       0
       0
       0
       0
       0
       0
       0
       0
       0
       0
       0
       0
       0
       0
       0
       1
       0
       0
       0
       0
       0
       0
       0
       0
       0
       0
       0
       0
       0
       0
       0
       0
       0
       0
       0
       0
       0
       0
       0
       0
       0
       0
       0
       0
       0
       0
       0
       0
       0
       0
       0
       0
       0
       0
       0
       0
       0
       0
       0
       0
       1
       0
       0
       0
       0
       0
       0
       0
       0
       0
       0
       1
       0
       0
       0
       0
       0
       0
       0
       0
       0
       0
       0
       0
       0
       0
       0
       0
       0
       0
       0
       0
       0
       0
       0
       0
       0
       0
       0
       0
       0
       0
       0
       0
       0
       0
       0
       0
       0
       0
       0
       0
       0
       0
       0
       1
       0
       0
       0
       0
       0
       0
       0
       0
       0
       0
       0
       0
       0
       0
       0
       0
       0
       0
       0
       0
       0
       0
       0
       0
       0
       0
       0
       0
       1
       0
       0
       0
       0
       0
       0
       0
       0
       0
       0
       0
       0
       0
       0
       0
       0
       0
       0
       0
       0
       0
       0
       0
       0
       0
       0
       0
       0
       1
       0
       0
       0
       0
       0
       0
       1
       0
       0
       0
       0
       0
       0
       0
       0
       0
       1
       0
       0
       0
       0
       0
       0
       0
       0
       0
       0
       0
       0
       0
       0
       0
       0
       0
       0
       0
       0
       0
       0
       0
       0
       0
       0
       0
       0
       0
       0
       0
       0
       0
       0
       0
       0
       0
       0
       0
       0
       0
       0
       0
       0
       0
       0
       0
       0
       0
       0
       0
       0
       0
       0
       0
       0
       0
       0
       0
       0
       0
       0
       0
       0
       0
       0
       0
       0
       0
       0
       0
       0
       0
       0
       0
       0
       0
       0
       0
       0
       0
       0
       0
       0
       0
       0
       0
       0
       0
       0
       0
       0
       0
       0
       0
       0
       0
       0
$ROI:
1
321 404
$PRESETS:
Live Time
240
0
$ENER_FIT:
0.000000 0.000000
$MCA_CAL:
3
0.000000E+000 0.000000E+000 0.000000E+000 
$SHAPE_CAL:
3
0.000000E+000 0.000000E+000 0.000000E+000
