$SPEC_ID:
No sample description was entered.
$SPEC_REM:
DET# 3
DETDESC# WD011-05 Easy-MCA-8k SN 13260149
AP# Maestro Version 7.01
$DATE_MEA:
03/31/2017 12:44:45
$MEAS_TIM:
240 240
$DATA:
0 1023
       0
       0
       0
       0
      40
     176
     153
     193
     170
     179
     207
     221
     270
     303
     407
     439
     465
     413
     371
     316
     290
     257
     217
     179
     159
     182
     163
     169
     175
     166
     184
     154
     160
     165
     187
     150
     186
     152
     162
     172
     170
     193
     173
     162
     172
     175
     167
     188
     172
     169
     171
     174
     180
     171
     171
     194
     189
     223
     198
     205
     190
     228
     191
     200
     209
     207
     202
     196
     204
     182
     191
     191
     211
     191
     199
     191
     209
     172
     162
     191
     174
     175
     173
     197
     179
     187
     179
     163
     190
     182
     195
     186
     208
     200
     211
     214
     230
     230
     218
     236
     230
     218
     222
     225
     228
     236
     216
     214
     218
     175
     194
     182
     201
     186
     164
     155
     181
     172
     149
     168
     142
     180
     145
     159
     155
     124
     149
     142
     141
     125
     130
     125
     136
     123
     134
     156
     121
     127
     122
      97
     112
     117
     105
     106
     116
     117
      89
     102
      96
      86
      89
      94
      99
     114
     106
      97
      95
     109
     112
     112
      90
      96
      97
      91
      97
      70
      80
     104
      84
      94
      80
      84
      78
      78
      85
     100
      84
      89
      81
      89
     105
      81
      87
     100
      77
      84
      83
      72
      83
      83
      94
      81
      80
      89
      88
      91
      88
      97
      84
      79
      82
      77
      79
      83
      91
      79
      82
      96
      69
      79
      77
      89
      73
      79
      91
      83
      74
      79
      85
      94
      84
      72
      98
      95
      87
      78
      96
      74
     105
      98
      87
      93
      90
      96
      78
      89
     108
     104
      71
      99
      75
      90
      86
      94
      70
      98
      95
      82
     102
      86
      88
      86
      77
      64
      65
      50
      58
      73
      59
      71
      58
      68
      56
      63
      45
      50
      36
      56
      44
      41
      37
      31
      38
      28
      34
      30
      29
      31
      33
      30
      22
      28
      26
      19
      13
      20
      25
      23
      14
      22
      12
      20
      17
      12
      11
      12
      14
      15
      15
      18
      13
      11
       9
      15
       6
       7
      15
      12
      11
      11
       8
      10
       5
       7
       7
       9
       7
      11
      10
      10
       5
       9
       6
       6
       7
       5
       8
       3
      12
       6
       8
       4
       6
      12
       9
      13
      11
       4
       6
      10
       7
       8
      10
      10
      12
      10
      15
      10
      14
      16
      15
      17
      20
      26
      29
      24
      36
      30
      33
      35
      50
      40
      44
      54
      56
      63
      65
      63
      65
      84
      69
      81
     104
     106
     106
      99
      92
     111
      98
     103
      96
     106
     106
     108
     101
     124
      98
     102
     107
      92
      81
      92
      85
      80
      64
      74
      80
      66
      50
      67
      52
      57
      38
      45
      39
      41
      29
      21
      35
      19
      25
      21
      22
      23
      17
      20
      24
      15
       7
      13
       7
       4
       5
       3
       3
       5
       2
       3
       3
       0
       2
       0
       1
       3
       1
       0
       1
       1
       0
       0
       0
       0
       0
       0
       0
       0
       0
       0
       0
       0
       1
       1
       0
       0
       0
       0
       0
       0
       1
       1
       1
       2
       0
       0
       1
       0
       0
       0
       0
       1
       0
       0
       0
       0
       0
       0
       0
       0
       1
       0
       0
       0
       0
       0
       0
       0
       0
       0
       0
       0
       0
       0
       0
       0
       1
       0
       0
       0
       0
       0
       0
       1
       0
       0
       0
       1
       0
       0
       0
       0
       0
       0
       0
       1
       0
       0
       0
       1
       0
       0
       0
       0
       0
       0
       0
       0
       0
       0
       0
       0
       0
       0
       0
       0
       0
       0
       0
       1
       0
       0
       0
       0
       0
       0
       0
       1
       0
       0
       0
       0
       0
       1
       0
       0
       0
       0
       0
       0
       0
       0
       0
       0
       0
       1
       0
       0
       0
       1
       0
       0
       0
       0
       0
       0
       0
       0
       0
       0
       0
       0
       2
       0
       0
       0
       0
       0
       0
       0
       0
       0
       0
       0
       0
       0
       0
       0
       1
       0
       0
       0
       0
       0
       0
       0
       0
       0
       0
       0
       1
       0
       0
       0
       0
       0
       0
       0
       0
       0
       0
       0
       0
       0
       0
       0
       1
       0
       0
       0
       0
       1
       0
       1
       0
       0
       0
       0
       0
       0
       0
       1
       0
       0
       0
       0
       0
       0
       0
       0
       0
       0
       0
       0
       0
       0
       0
       0
       0
       0
       0
       1
       0
       0
       0
       0
       0
       0
       0
       0
       1
       0
       2
       0
       0
       0
       0
       0
       0
       0
       0
       0
       0
       0
       0
       0
       0
       1
       0
       0
       0
       0
       0
       0
       0
       0
       0
       0
       0
       0
       0
       0
       0
       0
       0
       0
       0
       0
       0
       0
       0
       0
       1
       0
       0
       0
       0
       1
       0
       1
       1
       0
       0
       0
       0
       0
       0
       0
       0
       0
       0
       0
       0
       0
       0
       0
       0
       0
       0
       1
       0
       0
       0
       0
       0
       1
       0
       0
       0
       0
       0
       0
       0
       0
       0
       0
       0
       0
       0
       0
       0
       2
       0
       0
       0
       0
       0
       0
       0
       0
       0
       0
       0
       0
       0
       1
       0
       0
       0
       0
       0
       0
       0
       0
       0
       0
       0
       0
       0
       0
       0
       0
       0
       0
       0
       0
       0
       0
       0
       0
       0
       0
       0
       0
       0
       0
       0
       0
       0
       0
       0
       0
       0
       0
       0
       0
       0
       0
       0
       0
       0
       0
       0
       1
       0
       0
       0
       0
       0
       0
       0
       0
       1
       0
       0
       0
       0
       0
       0
       0
       0
       0
       0
       1
       0
       0
       0
       0
       0
       0
       0
       0
       0
       0
       0
       0
       0
       0
       0
       0
       0
       0
       0
       0
       0
       0
       0
       0
       0
       0
       0
       0
       0
       0
       0
       0
       0
       0
       0
       0
       0
       0
       0
       0
       0
       0
       0
       0
       0
       0
       0
       0
       0
       0
       0
       0
       0
       0
       0
       0
       0
       0
       0
       0
       0
       0
       0
       0
       0
       0
       0
       0
       0
       0
       0
       0
       0
       0
       0
       0
       0
       0
       0
       0
       0
       0
       0
       0
       0
       0
       0
       0
       0
       0
       0
       0
       0
       0
       0
       0
       0
       0
       0
       0
       1
       0
       0
       0
       0
       0
       0
       0
       0
       0
       0
       0
       0
       0
       0
       0
       0
       0
       0
       0
       0
       0
       0
       0
       0
       0
       0
       0
       0
       0
       0
       0
       0
       0
       0
       0
       0
       0
       0
       1
       0
       0
       0
       0
       0
       0
       0
       0
       0
       0
       0
       0
       0
       0
       0
       0
       0
       0
       0
       0
       0
       0
       0
       0
       0
       0
       0
       0
       0
       0
       0
       0
       0
       0
       0
       0
       0
       0
       0
       0
       0
       0
$ROI:
1
334 430
$PRESETS:
Live Time
240
0
$ENER_FIT:
0.000000 0.000000
$MCA_CAL:
3
0.000000E+000 0.000000E+000 0.000000E+000 
$SHAPE_CAL:
3
0.000000E+000 0.000000E+000 0.000000E+000
