$SPEC_ID:
No sample description was entered.
$SPEC_REM:
DET# 3
DETDESC# WD011-05 Easy-MCA-8k SN 13260149
AP# Maestro Version 7.01
$DATE_MEA:
03/31/2017 12:25:29
$MEAS_TIM:
240 240
$DATA:
0 1023
       0
       0
       0
       0
      26
     162
     177
     161
     174
     192
     179
     195
     208
     269
     332
     383
     426
     431
     415
     331
     258
     209
     211
     168
     179
     136
     160
     150
     160
     169
     147
     150
     164
     147
     152
     148
     167
     161
     173
     166
     155
     171
     140
     146
     174
     171
     152
     148
     157
     167
     165
     168
     167
     170
     186
     155
     172
     167
     186
     172
     169
     164
     168
     196
     195
     194
     181
     194
     177
     199
     186
     180
     172
     193
     157
     177
     209
     162
     165
     160
     150
     143
     178
     170
     170
     158
     176
     182
     182
     197
     175
     194
     181
     191
     205
     211
     192
     222
     199
     216
     228
     191
     237
     245
     190
     224
     213
     217
     192
     176
     171
     184
     160
     196
     151
     167
     161
     161
     169
     136
     163
     143
     134
     159
     139
     124
     131
     126
     133
     126
     119
     144
     121
      98
     130
     111
     117
     115
     112
     102
      85
     120
     104
     114
     100
      89
      89
     103
      91
      78
      79
      88
     105
      83
      91
      89
      88
      99
      72
     101
      90
      76
      87
      83
      78
      76
      65
      85
      76
     101
      94
      90
      67
      75
      84
     100
      78
      85
      83
      63
      83
      72
      78
      80
      84
      77
     100
      78
      70
      70
      73
      96
      68
      64
      78
      83
      85
      84
      80
      69
      66
      67
      76
      80
      77
      70
      72
      73
      69
      77
      78
      75
      78
      79
      73
      68
      72
      74
      81
      76
      75
      83
      64
      85
      72
      88
      75
      71
      72
      95
      87
      77
      70
      60
      82
      59
      85
      86
      52
      78
      78
      92
      98
      71
      84
      94
      88
      74
      75
      78
      69
      90
      67
      72
      71
      75
      69
      65
      64
      70
      46
      46
      47
      58
      37
      48
      49
      38
      43
      44
      34
      37
      42
      28
      35
      23
      17
      27
      19
      24
      14
      34
      19
      16
      16
      23
      10
      16
      14
       9
      11
      11
       8
      11
      15
      17
       9
      12
       9
      10
      14
       7
       7
       9
      14
      10
       6
       5
       6
      11
       8
       8
       7
       9
      11
       8
      15
       7
       8
       5
      10
       7
      10
       7
       4
       5
       5
       9
       9
      11
      11
       7
       6
       7
       7
      16
       3
      12
       4
      13
       8
      10
       8
      10
      11
       8
      14
      16
      15
      13
      15
      20
      23
      18
      27
      27
      29
      24
      35
      38
      40
      34
      42
      43
      57
      56
      66
      67
      82
      74
      72
      75
      93
      93
      79
      77
     103
      94
      98
     104
      83
     109
     104
     101
      96
     100
      83
      97
     101
      96
      96
     106
      80
      80
      72
      58
      70
      55
      58
      58
      62
      49
      36
      46
      41
      37
      42
      31
      21
      27
      21
      24
      13
      13
      11
      11
       8
       3
       3
      10
      13
       4
       1
       6
       6
       2
       4
       2
       1
       4
       1
       2
       0
       1
       5
       0
       1
       0
       1
       0
       0
       1
       0
       0
       0
       0
       0
       0
       0
       0
       0
       0
       0
       0
       1
       0
       0
       0
       1
       1
       0
       0
       0
       0
       0
       0
       1
       0
       0
       1
       0
       2
       0
       0
       0
       0
       0
       0
       0
       0
       0
       0
       0
       0
       0
       0
       0
       0
       0
       0
       0
       1
       0
       0
       0
       0
       0
       0
       0
       0
       0
       0
       0
       0
       0
       0
       0
       0
       0
       0
       0
       0
       0
       0
       0
       0
       0
       0
       0
       0
       0
       0
       0
       0
       0
       0
       2
       0
       0
       0
       0
       1
       0
       0
       0
       0
       0
       0
       0
       0
       0
       0
       0
       1
       0
       0
       0
       0
       0
       0
       0
       0
       0
       0
       0
       0
       0
       1
       0
       0
       0
       1
       0
       1
       1
       0
       0
       0
       0
       0
       0
       0
       0
       0
       0
       0
       0
       1
       0
       0
       0
       0
       1
       0
       0
       0
       0
       0
       0
       0
       1
       0
       0
       0
       0
       0
       0
       0
       0
       0
       0
       0
       0
       0
       0
       0
       0
       0
       0
       0
       0
       0
       0
       0
       0
       0
       0
       0
       0
       0
       0
       0
       0
       0
       0
       0
       0
       0
       0
       2
       1
       0
       0
       0
       0
       0
       0
       0
       0
       1
       1
       0
       0
       0
       0
       0
       0
       0
       0
       0
       0
       0
       0
       0
       0
       0
       0
       0
       0
       0
       0
       0
       0
       0
       0
       0
       0
       0
       0
       0
       0
       0
       0
       0
       0
       0
       0
       0
       0
       0
       0
       0
       0
       0
       0
       0
       0
       1
       0
       0
       0
       0
       0
       0
       0
       0
       0
       0
       0
       0
       0
       0
       0
       1
       0
       1
       0
       0
       0
       0
       0
       0
       0
       0
       0
       0
       0
       0
       0
       0
       0
       0
       0
       0
       0
       0
       0
       0
       0
       0
       0
       0
       0
       0
       0
       0
       0
       0
       0
       0
       0
       0
       0
       0
       0
       1
       0
       0
       0
       0
       0
       0
       0
       0
       0
       0
       0
       0
       0
       0
       0
       0
       0
       0
       0
       0
       0
       0
       0
       0
       0
       0
       0
       1
       1
       0
       0
       0
       1
       0
       0
       0
       0
       0
       0
       0
       0
       0
       0
       0
       0
       0
       1
       0
       0
       0
       0
       0
       0
       1
       0
       0
       0
       0
       0
       0
       0
       0
       0
       0
       0
       0
       0
       1
       0
       0
       0
       0
       0
       0
       0
       0
       0
       0
       0
       0
       0
       0
       0
       0
       0
       0
       0
       0
       0
       0
       0
       0
       0
       0
       0
       0
       0
       0
       0
       0
       0
       0
       0
       0
       0
       0
       0
       0
       0
       1
       0
       0
       0
       0
       0
       0
       0
       0
       0
       0
       0
       0
       0
       0
       0
       0
       0
       0
       0
       1
       0
       0
       0
       0
       0
       0
       0
       0
       1
       0
       0
       0
       0
       0
       0
       0
       0
       0
       0
       0
       0
       0
       0
       0
       0
       0
       0
       0
       0
       0
       0
       0
       0
       0
       0
       0
       0
       0
       0
       0
       0
       0
       0
       0
       0
       0
       0
       0
       0
       0
       0
       0
       0
       0
       0
       0
       0
       0
       0
       0
       0
       0
       0
       0
       0
       0
       0
       0
       0
       0
       0
       0
       0
       0
       0
       1
       0
       0
       0
       0
       0
       0
       0
       0
       0
       0
       0
       0
       0
       0
       0
       0
       0
       1
       0
       0
       0
       0
       0
       0
       0
       0
       0
       0
       0
       0
       0
       0
       0
       0
       0
       0
       0
       0
       0
       0
       0
       0
       0
       0
       0
       0
       0
       0
       0
       0
       0
       0
       0
       0
       0
       0
       0
       0
       0
       0
       0
       0
       0
       0
       0
       0
       0
       0
       0
       0
       0
       0
$ROI:
1
338 420
$PRESETS:
Live Time
240
0
$ENER_FIT:
0.000000 0.000000
$MCA_CAL:
3
0.000000E+000 0.000000E+000 0.000000E+000 
$SHAPE_CAL:
3
0.000000E+000 0.000000E+000 0.000000E+000
