$SPEC_ID:
No sample description was entered.
$SPEC_REM:
DET# 3
DETDESC# WD011-05 Easy-MCA-8k SN 13260149
AP# Maestro Version 7.01
$DATE_MEA:
04/03/2017 09:13:27
$MEAS_TIM:
2700 2700
$DATA:
0 1023
       0
       0
       0
       0
      13
     141
      56
      43
      45
      70
      45
      56
      58
      56
      77
     112
     156
     258
     228
     268
     224
     217
     131
      94
      68
      75
      60
      64
      77
      66
      84
      81
      78
      85
      81
     101
     116
      98
     117
     133
     119
     135
     137
     140
     118
     124
     151
     118
     143
     111
     132
     152
     128
     127
     142
     135
     128
     139
     125
     124
     129
     109
     114
     150
     114
     110
      88
     114
     124
     108
     107
     106
     104
     113
      96
     105
     117
      79
      78
     103
      88
      86
      74
      62
      68
      70
      75
      78
      73
      58
      61
      49
      46
      56
      57
      52
      55
      58
      65
      55
      46
      40
      54
      51
      45
      47
      37
      48
      34
      43
      41
      47
      38
      35
      28
      36
      35
      28
      36
      33
      36
      35
      24
      32
      25
      23
      27
      30
      25
      33
      21
      28
      31
      20
      26
      16
      19
      14
      21
      19
      18
      13
      15
      15
      10
      15
      19
      16
      12
      12
      14
      11
      19
      11
      11
      18
      13
      10
      13
      12
      15
      14
      15
      10
       9
      10
      12
       8
      11
       7
       6
      10
      17
       6
       8
      15
       9
      12
       5
       9
      10
      11
      10
      13
       9
       6
      10
      13
      14
       8
       9
       5
      10
       5
       6
       7
       9
       4
       3
       9
       6
       7
       9
       4
       6
       6
      11
       6
       6
       7
       5
       7
       6
       8
       6
       5
       6
       7
       5
      10
       8
       7
       5
       5
       5
       9
      10
       2
       2
       7
       5
       4
       8
       7
       9
       7
       7
       1
       4
       8
       7
       6
       9
       5
       6
       6
       5
       3
       5
       4
       3
       3
       3
       8
       2
       5
       6
       4
       4
       5
       5
       5
       5
       3
       5
       4
       5
       3
       4
       5
       4
       2
       6
       2
       7
       8
       3
       4
       2
       5
       4
       4
       2
       3
       3
      10
       3
       3
       2
       3
       4
       3
       2
       2
       4
       3
       4
       5
       6
       4
       7
       3
       5
       9
       1
       1
       2
       0
       4
       3
       1
       4
       5
       0
       2
       3
       4
       8
       3
       3
       5
       4
       2
       6
       5
       3
       2
       0
       1
       3
       2
       2
       2
       2
       0
       0
       3
       2
       2
       8
       1
       3
       6
       1
       2
       3
       4
       3
       3
       3
       2
       3
       5
       3
       1
       2
       4
       2
       4
       5
       3
       2
       2
       3
       8
       5
       1
       3
       2
       1
       3
       4
       0
       2
       0
       0
       2
       2
       3
       1
       1
       1
       2
       3
       3
       2
       3
       2
       0
       1
       0
       4
       2
       2
       0
       3
       2
       0
       1
       0
       4
       1
       0
       1
       5
       3
       1
       4
       0
       1
       0
       1
       2
       2
       3
       2
       2
       0
       2
       2
       2
       4
       0
       1
       3
       3
       3
       2
       2
       5
       1
       1
       2
       2
       3
       2
       1
       0
       0
       2
       2
       0
       0
       1
       3
       0
       0
       0
       0
       2
       0
       3
       2
       2
       2
       1
       3
       2
       1
       0
       1
       1
       0
       3
       1
       2
       1
       1
       2
       1
       1
       3
       1
       1
       0
       7
       1
       3
       1
       2
       0
       2
       6
       1
       0
       4
       1
       2
       3
       2
       1
       1
       0
       2
       2
       2
       1
       2
       1
       1
       3
       2
       3
       2
       5
       1
       2
       2
       1
       2
       1
       0
       1
       1
       1
       2
       1
       1
       1
       3
       0
       1
       1
       1
       2
       3
       2
       0
       2
       3
       2
       3
       1
       0
       2
       5
       1
       0
       0
       0
       2
       1
       2
       3
       2
       1
       1
       1
       0
       2
       1
       0
       2
       1
       0
       4
       4
       4
       2
       2
       2
       1
       1
       2
       3
       2
       0
       2
       0
       0
       3
       2
       1
       0
       0
       0
       4
       1
       0
       2
       1
       4
       0
       0
       0
       0
       2
       2
       1
       0
       0
       0
       1
       3
       1
       2
       2
       2
       1
       1
       1
       1
       2
       0
       0
       1
       0
       1
       1
       3
       3
       1
       2
       2
       1
       1
       0
       2
       1
       3
       1
       3
       2
       1
       0
       0
       0
       1
       1
       0
       2
       0
       1
       2
       2
       2
       0
       2
       0
       0
       0
       0
       2
       0
       1
       1
       1
       3
       0
       1
       1
       1
       1
       0
       1
       0
       1
       2
       0
       4
       3
       1
       0
       0
       1
       0
       4
       2
       1
       0
       1
       0
       0
       0
       1
       3
       0
       1
       0
       5
       0
       1
       0
       0
       1
       3
       1
       0
       0
       2
       2
       3
       3
       1
       1
       1
       1
       0
       2
       0
       2
       0
       2
       4
       2
       2
       1
       3
       0
       0
       0
       1
       2
       1
       1
       1
       0
       2
       0
       2
       0
       1
       1
       1
       0
       0
       0
       2
       2
       0
       0
       0
       2
       0
       2
       0
       0
       0
       1
       2
       2
       0
       0
       0
       1
       1
       2
       1
       0
       1
       2
       2
       1
       2
       0
       1
       3
       0
       1
       2
       0
       3
       1
       0
       2
       2
       1
       1
       1
       1
       0
       1
       1
       0
       0
       1
       0
       1
       1
       2
       0
       0
       0
       2
       0
       0
       3
       0
       0
       1
       1
       2
       1
       0
       0
       0
       0
       0
       0
       0
       1
       2
       0
       0
       1
       0
       1
       0
       1
       1
       1
       0
       0
       0
       1
       0
       0
       0
       0
       1
       0
       2
       0
       0
       0
       1
       0
       0
       0
       0
       1
       0
       0
       0
       0
       1
       0
       0
       0
       1
       0
       0
       0
       0
       0
       0
       0
       0
       0
       0
       0
       1
       0
       0
       0
       0
       1
       0
       0
       2
       0
       1
       0
       0
       0
       0
       1
       0
       0
       0
       0
       0
       0
       0
       0
       2
       1
       0
       1
       1
       0
       1
       0
       0
       1
       0
       0
       1
       0
       1
       0
       1
       0
       3
       1
       0
       0
       1
       0
       0
       0
       0
       0
       0
       1
       0
       1
       0
       0
       1
       0
       0
       0
       0
       0
       2
       1
       0
       0
       0
       0
       1
       1
       0
       0
       1
       1
       0
       0
       0
       0
       0
       0
       0
       1
       1
       0
       0
       0
       1
       0
       0
       1
       0
       0
       3
       0
       0
       0
       1
       0
       0
       0
       0
       0
       0
       0
       1
       0
       2
       1
       0
       0
       0
       0
       0
       0
       0
       0
       0
       0
       1
       1
       0
       0
       1
       0
       0
       1
       1
       1
       0
       0
       0
       1
       0
       1
       0
       0
       0
       0
       0
       0
       0
       1
       0
       0
       1
       0
       0
       0
       0
       0
       0
       0
       0
       0
       0
       0
       0
       0
       0
       0
       0
       0
       0
       0
       0
       0
       0
       0
       0
       0
       0
$ROI:
1
334 425
$PRESETS:
Live Time
2700
0
$ENER_FIT:
0.000000 0.000000
$MCA_CAL:
3
0.000000E+000 0.000000E+000 0.000000E+000 
$SHAPE_CAL:
3
0.000000E+000 0.000000E+000 0.000000E+000
