$SPEC_ID:
No sample description was entered.
$SPEC_REM:
DET# 3
DETDESC# WD011-05 Easy-MCA-8k SN 13260149
AP# Maestro Version 7.01
$DATE_MEA:
04/04/2017 13:45:14
$MEAS_TIM:
240 241
$DATA:
0 1023
       0
       0
       0
       0
       0
       0
       0
       0
       0
       0
       0
       0
       0
       0
       0
      28
     724
     519
     489
     405
     364
     359
     293
     265
     256
     242
     211
     231
     227
     237
     219
     180
     216
     223
     232
     219
     217
     237
     206
     226
     211
     197
     215
     240
     214
     218
     198
     221
     224
     194
     201
     206
     223
     215
     267
     226
     242
     259
     228
     269
     251
     256
     244
     260
     202
     257
     266
     268
     240
     215
     235
     233
     238
     235
     228
     227
     217
     237
     215
     210
     208
     227
     243
     205
     242
     231
     243
     259
     260
     254
     269
     256
     278
     283
     274
     307
     290
     276
     247
     248
     270
     255
     268
     265
     239
     283
     246
     232
     220
     235
     233
     210
     207
     190
     215
     196
     202
     209
     221
     218
     184
     203
     172
     196
     192
     160
     207
     178
     189
     164
     176
     172
     184
     176
     160
     155
     153
     154
     174
     157
     150
     155
     152
     148
     153
     145
     138
     126
     147
     108
     123
     134
     134
     123
     125
     115
     108
     113
     122
     114
     106
     116
     122
     124
     125
     134
      95
     100
     125
     110
     110
     115
     106
     124
     110
      97
     121
     108
     115
     125
     105
     105
     103
     104
     113
     118
      99
     106
      99
      99
     121
      90
     102
     103
     123
      98
     119
     119
     117
     106
     106
     100
     112
     120
     119
     104
     105
     101
     123
     104
     107
     105
     129
     118
     104
     137
     122
     122
     103
     108
     107
     117
     116
     128
     123
     128
     118
     107
      94
     125
      99
     115
     113
     112
     109
      99
     110
      97
      92
      96
      91
     104
      96
      95
      93
     100
     100
      78
      76
      91
      94
      72
      70
      69
      65
      60
      73
      61
      51
      49
      45
      47
      38
      35
      30
      47
      33
      36
      28
      26
      28
      35
      31
      17
      20
      35
      18
      30
      18
      19
      15
      23
      18
      23
       8
      17
      14
      13
      14
      10
      14
      13
      16
       9
      11
      17
       8
      18
      12
       6
       8
       9
       7
      14
      10
       9
       9
       5
       9
       8
      13
       9
      14
      11
       8
       6
       9
      11
      11
       9
      15
      17
      13
       7
      20
      16
      12
      19
      15
      18
      22
      18
      22
      27
      31
      26
      30
      45
      44
      46
      47
      47
      60
      57
      61
      56
      77
      82
      68
      87
      83
     108
      95
     103
     128
     102
     114
     118
     149
     146
     124
     129
     150
     128
     132
     144
     150
     135
     144
     112
     151
     108
     153
     140
     122
     106
      90
     105
     101
     104
     103
      84
      82
      74
      78
      78
      72
      57
      56
      54
      59
      58
      36
      30
      32
      26
      19
      25
      13
      21
      16
      16
       7
       6
      13
      11
       7
       6
       8
       7
       7
       5
       4
       5
       5
       2
       1
       3
       0
       3
       0
       1
       2
       1
       2
       1
       0
       1
       1
       0
       0
       0
       0
       0
       0
       0
       0
       1
       1
       0
       1
       0
       0
       0
       0
       0
       0
       0
       0
       2
       0
       0
       0
       0
       0
       0
       0
       0
       0
       1
       0
       0
       0
       1
       1
       0
       0
       0
       0
       0
       1
       0
       0
       0
       0
       0
       0
       1
       1
       0
       0
       0
       0
       0
       0
       2
       0
       0
       1
       0
       0
       0
       0
       0
       0
       1
       1
       0
       0
       0
       0
       0
       1
       0
       0
       0
       0
       0
       0
       0
       0
       0
       0
       0
       1
       0
       0
       0
       0
       0
       0
       0
       0
       0
       1
       0
       0
       0
       0
       0
       0
       0
       0
       0
       0
       0
       0
       0
       1
       0
       0
       0
       0
       0
       0
       0
       0
       0
       0
       0
       0
       0
       0
       0
       0
       0
       0
       0
       0
       0
       0
       0
       0
       0
       1
       0
       0
       0
       0
       0
       1
       0
       0
       0
       0
       0
       0
       0
       0
       0
       0
       0
       0
       0
       0
       0
       0
       0
       0
       0
       0
       0
       0
       0
       0
       0
       0
       1
       1
       0
       0
       0
       0
       0
       0
       0
       1
       0
       0
       0
       0
       0
       0
       0
       0
       1
       0
       1
       0
       0
       1
       0
       0
       1
       0
       0
       0
       0
       0
       0
       0
       1
       0
       0
       0
       0
       1
       0
       0
       0
       0
       0
       0
       0
       0
       0
       1
       0
       0
       1
       0
       0
       0
       0
       0
       0
       0
       0
       0
       0
       0
       1
       0
       0
       0
       0
       0
       1
       0
       0
       0
       0
       0
       0
       1
       0
       0
       1
       0
       0
       0
       0
       1
       0
       0
       0
       0
       0
       0
       0
       0
       0
       0
       0
       0
       0
       0
       0
       0
       0
       0
       0
       0
       0
       0
       0
       0
       0
       0
       0
       0
       0
       0
       0
       0
       0
       0
       0
       0
       0
       0
       0
       0
       0
       0
       0
       0
       0
       0
       0
       0
       0
       0
       0
       0
       0
       0
       0
       0
       0
       0
       0
       0
       0
       0
       0
       0
       0
       0
       0
       0
       0
       0
       1
       0
       0
       0
       0
       0
       0
       0
       0
       0
       0
       0
       0
       0
       0
       0
       0
       0
       0
       0
       0
       0
       0
       0
       0
       0
       0
       0
       0
       0
       0
       0
       0
       0
       0
       0
       0
       0
       0
       0
       0
       0
       0
       0
       0
       0
       0
       0
       0
       0
       0
       0
       0
       0
       0
       0
       0
       0
       0
       0
       0
       0
       0
       0
       0
       0
       0
       0
       0
       0
       0
       0
       0
       0
       0
       0
       0
       0
       0
       0
       0
       0
       0
       0
       1
       0
       0
       0
       0
       0
       0
       0
       0
       0
       0
       0
       0
       0
       0
       0
       0
       0
       0
       0
       0
       0
       0
       0
       0
       0
       0
       0
       0
       0
       0
       0
       0
       0
       0
       0
       0
       0
       0
       0
       0
       0
       0
       0
       0
       0
       0
       0
       0
       0
       0
       0
       0
       0
       0
       0
       0
       0
       0
       0
       0
       0
       0
       0
       0
       0
       0
       0
       0
       0
       0
       0
       0
       0
       0
       0
       0
       0
       0
       0
       0
       0
       0
       0
       0
       0
       1
       0
       0
       0
       0
       0
       0
       0
       0
       0
       0
       0
       0
       0
       0
       0
       0
       0
       0
       0
       0
       0
       0
       0
       0
       0
       0
       0
       0
       0
       0
       0
       0
       0
       0
       0
       0
       0
       0
       0
       0
       0
       0
       0
       0
       0
       0
       0
       0
       0
       0
       0
       0
       0
       0
       0
       0
       0
       0
       0
       0
       0
       0
       0
       0
       0
       0
       0
       0
       0
       0
       0
       0
       0
       0
       0
       0
       0
       0
       0
       0
       0
       0
       0
       0
       0
       0
       0
       0
       0
       0
       0
       0
       0
       0
       0
       0
       0
       0
       0
       0
$ROI:
1
305 409
$PRESETS:
Live Time
240
0
$ENER_FIT:
0.000000 0.000000
$MCA_CAL:
3
0.000000E+000 0.000000E+000 0.000000E+000 
$SHAPE_CAL:
3
0.000000E+000 0.000000E+000 0.000000E+000
