$SPEC_ID:
No sample description was entered.
$SPEC_REM:
DET# 3
DETDESC# WD011-05 Easy-MCA-8k SN 13260149
AP# Maestro Version 7.01
$DATE_MEA:
04/04/2017 14:03:25
$MEAS_TIM:
240 241
$DATA:
0 1023
       0
       0
       0
       0
       0
       0
       0
       0
       0
       0
       0
       0
       0
       0
       0
      28
     898
     543
     451
     363
     370
     289
     274
     265
     252
     224
     241
     192
     226
     203
     199
     193
     174
     222
     197
     203
     227
     218
     200
     227
     224
     207
     219
     208
     200
     210
     235
     244
     207
     219
     201
     186
     235
     201
     227
     225
     221
     200
     235
     225
     228
     232
     267
     230
     235
     199
     223
     225
     219
     210
     207
     227
     180
     229
     234
     225
     201
     232
     196
     224
     227
     241
     227
     242
     219
     218
     244
     220
     254
     233
     258
     259
     257
     245
     249
     259
     269
     270
     269
     248
     281
     272
     263
     231
     219
     261
     219
     237
     214
     234
     210
     210
     198
     190
     207
     209
     200
     200
     207
     188
     173
     200
     159
     173
     187
     183
     174
     183
     170
     138
     152
     169
     166
     151
     138
     145
     165
     141
     177
     133
     141
     129
     143
     139
     134
     121
     129
     129
     144
     113
     125
      94
     110
     125
     106
     122
      95
     108
     127
     113
     115
     112
     113
     123
      83
     134
     100
      99
     116
     104
     103
     118
      92
     102
      91
      86
      98
     113
     110
      94
     101
      88
     114
      94
      91
     102
     114
     105
     133
     100
     119
     106
     109
     118
     101
      96
     110
      96
     114
      99
      93
     124
      96
     106
     132
     109
      97
     105
     123
      97
     107
     120
     110
     103
     113
      98
     114
     118
     116
     101
     130
     100
     111
     120
     119
     104
     113
     117
      94
      98
      95
      99
     122
     106
     102
     100
     100
     102
      99
      87
      88
     108
     115
     100
      88
      98
      80
      88
      77
      84
      68
      53
      67
      66
      57
      57
      42
      46
      50
      55
      40
      47
      42
      34
      36
      26
      51
      28
      39
      22
      21
      26
      28
      32
      17
      28
      23
      20
      34
      14
      21
      23
      12
      17
      26
      17
       7
      19
      13
      20
       9
      10
       8
      11
      13
       7
      10
      11
       8
       8
      12
      11
       8
      10
      12
       9
       9
       9
       9
       5
      11
       9
      15
      11
       5
       8
      13
      10
      14
      18
      11
       5
      11
      12
      16
      15
      12
      14
      10
      18
      15
      20
      18
      29
      17
      33
      28
      21
      37
      40
      41
      33
      55
      56
      62
      59
      61
      77
      59
      65
      78
      86
     110
     107
     106
     114
     122
     114
     128
     147
     141
     140
     104
     144
     140
     119
     128
     141
     158
     137
     112
     127
     113
     130
     104
     106
     102
      79
      89
     102
      92
      70
      80
      63
      63
      51
      64
      49
      45
      45
      37
      33
      40
      33
      25
      20
      26
      19
      12
      14
      11
      14
       8
       5
       8
       5
       4
       4
       9
       2
       1
       2
       2
       1
       3
       2
       4
       0
       1
       1
       0
       0
       0
       0
       1
       0
       0
       0
       0
       0
       0
       0
       0
       1
       0
       0
       0
       0
       1
       1
       0
       0
       0
       0
       0
       0
       0
       0
       0
       0
       0
       1
       0
       0
       0
       0
       0
       0
       0
       0
       0
       0
       0
       0
       0
       0
       0
       0
       0
       0
       1
       0
       0
       0
       0
       0
       0
       0
       0
       0
       0
       0
       0
       0
       0
       1
       0
       0
       0
       0
       0
       0
       0
       0
       0
       0
       0
       0
       0
       0
       0
       0
       0
       0
       0
       0
       0
       1
       0
       0
       0
       0
       0
       1
       0
       1
       1
       0
       0
       0
       0
       0
       2
       0
       0
       0
       0
       0
       0
       0
       0
       0
       0
       0
       0
       0
       0
       0
       0
       0
       1
       0
       0
       0
       0
       0
       1
       0
       0
       0
       0
       0
       3
       0
       0
       0
       0
       0
       0
       0
       0
       0
       1
       0
       0
       0
       0
       0
       0
       0
       0
       0
       0
       0
       0
       0
       0
       0
       1
       0
       0
       0
       0
       0
       0
       0
       0
       0
       1
       0
       0
       0
       0
       1
       0
       0
       0
       0
       0
       0
       0
       0
       0
       0
       0
       0
       0
       0
       0
       0
       0
       0
       0
       1
       0
       0
       0
       0
       1
       0
       0
       0
       0
       1
       0
       0
       0
       0
       0
       0
       0
       0
       0
       0
       0
       0
       1
       0
       0
       0
       0
       0
       0
       0
       0
       0
       1
       0
       0
       0
       0
       0
       0
       0
       1
       0
       0
       0
       0
       0
       0
       0
       0
       0
       0
       0
       0
       0
       0
       0
       0
       0
       0
       0
       0
       0
       0
       0
       0
       0
       0
       0
       0
       0
       1
       0
       0
       0
       0
       0
       0
       1
       0
       0
       0
       0
       0
       0
       0
       0
       1
       0
       0
       0
       0
       1
       0
       0
       0
       0
       0
       0
       0
       0
       0
       1
       0
       0
       0
       0
       0
       0
       0
       1
       1
       0
       1
       0
       0
       0
       0
       0
       0
       0
       0
       0
       0
       0
       0
       1
       0
       0
       0
       0
       0
       0
       0
       0
       1
       0
       0
       0
       0
       0
       0
       0
       0
       0
       0
       0
       0
       0
       0
       0
       0
       0
       0
       0
       0
       0
       0
       0
       0
       0
       0
       0
       0
       0
       0
       0
       0
       0
       0
       0
       0
       0
       0
       0
       0
       0
       0
       0
       0
       0
       0
       0
       0
       0
       0
       0
       0
       0
       0
       0
       0
       0
       0
       0
       0
       0
       0
       0
       0
       0
       0
       0
       0
       0
       0
       1
       0
       0
       0
       0
       0
       0
       0
       0
       0
       0
       0
       0
       0
       0
       1
       0
       1
       0
       0
       0
       0
       0
       0
       0
       1
       0
       0
       0
       0
       0
       0
       0
       0
       0
       0
       0
       0
       0
       0
       0
       0
       0
       0
       0
       0
       0
       0
       0
       0
       0
       1
       0
       0
       0
       0
       0
       0
       0
       0
       0
       0
       0
       0
       0
       0
       0
       0
       0
       0
       0
       0
       0
       0
       0
       0
       0
       0
       1
       0
       0
       0
       0
       0
       0
       0
       0
       0
       0
       0
       0
       0
       0
       0
       0
       0
       0
       0
       0
       0
       0
       0
       0
       0
       0
       0
       0
       0
       0
       0
       0
       0
       0
       0
       0
       0
       0
       0
       0
       0
       0
       0
       0
       0
       0
       0
       0
       0
       0
       0
       0
       0
       0
       0
       0
       0
       0
       0
       0
       0
       0
       0
       0
       0
       1
       0
       0
       0
       0
       0
       0
       0
       0
       0
       0
       0
       0
       0
       0
       0
       1
       0
       0
       0
       0
       0
       0
       0
       0
       0
       0
       0
       0
       0
       0
       0
       0
       1
       0
       0
       0
       0
       0
       0
       0
       0
       0
       0
       0
       0
       0
       0
       0
       0
       0
       0
       0
       0
       0
       0
       0
       0
       0
       0
       0
$ROI:
1
320 406
$PRESETS:
Live Time
240
0
$ENER_FIT:
0.000000 0.000000
$MCA_CAL:
3
0.000000E+000 0.000000E+000 0.000000E+000 
$SHAPE_CAL:
3
0.000000E+000 0.000000E+000 0.000000E+000
