$SPEC_ID:
No sample description was entered.
$SPEC_REM:
DET# 3
DETDESC# WD011-05 Easy-MCA-8k SN 13260149
AP# Maestro Version 7.01
$DATE_MEA:
04/04/2017 13:51:15
$MEAS_TIM:
240 241
$DATA:
0 1023
       0
       0
       0
       0
       0
       0
       0
       1
       0
       0
       0
       0
       0
       0
       0
      24
     769
     526
     448
     397
     383
     375
     309
     312
     253
     246
     228
     205
     249
     204
     192
     217
     223
     232
     204
     210
     196
     213
     233
     219
     223
     205
     222
     234
     246
     220
     216
     229
     205
     209
     229
     217
     220
     238
     225
     246
     252
     218
     247
     233
     260
     236
     247
     244
     265
     248
     245
     239
     237
     227
     251
     241
     242
     217
     220
     228
     238
     216
     252
     205
     203
     227
     193
     243
     251
     230
     259
     227
     226
     246
     244
     262
     269
     242
     268
     267
     283
     270
     292
     238
     266
     268
     292
     296
     278
     266
     269
     270
     238
     253
     240
     239
     240
     246
     215
     205
     201
     207
     206
     191
     210
     211
     168
     175
     209
     190
     210
     178
     199
     190
     207
     173
     185
     191
     183
     177
     152
     149
     141
     180
     140
     145
     139
     143
     144
     146
     146
     131
     121
     128
     113
     132
     152
     109
     135
     149
     151
     134
     140
     125
     136
     131
     111
     106
     118
     114
     122
     124
     106
     128
     127
     121
     116
     121
     131
     112
     104
     117
     113
     112
     122
     107
     116
     123
     116
     110
     113
     106
     109
     115
     121
     106
     111
     105
     102
      99
     116
     104
     117
     104
     107
     106
     107
     107
     103
     100
      99
     109
     114
     116
     116
     103
     110
     118
     100
     109
     117
     103
     119
     128
     102
     131
     126
      99
     103
     126
     102
     108
     132
     131
     101
     115
     110
      95
     123
     127
     146
     120
     111
     117
     104
     118
     110
      96
     103
     111
     102
     121
     112
     104
      94
      82
      80
      93
      82
      79
      95
      63
      87
      78
      87
      69
      80
      62
      45
      41
      43
      43
      43
      43
      41
      30
      40
      33
      39
      36
      29
      33
      27
      28
      24
      22
      34
      26
      16
      21
      25
      19
      11
      22
      27
      10
      19
      12
      13
      10
      14
       9
      18
      19
      16
       8
       8
      10
       8
       9
      17
       8
      12
      17
       9
       8
      11
      11
      10
      11
      10
      11
      12
       9
      14
      11
       7
      11
      11
       9
      10
       5
       9
      10
       6
      12
      18
      10
      15
      19
      20
      20
      20
      10
      17
      15
      23
      34
      31
      28
      30
      42
      36
      33
      44
      47
      47
      53
      59
      66
      67
      64
      87
      77
      80
      87
      90
     104
     114
     130
     134
     125
     129
     131
     135
     149
     155
     145
     127
     135
     124
     165
     161
     140
     160
     134
     152
     142
     128
     108
     128
     113
     104
     102
      93
      94
      81
      84
      70
      94
      75
      53
      59
      50
      61
      45
      29
      36
      33
      29
      27
      31
      27
      17
      16
      18
      16
      13
      11
      11
      10
       7
       4
       1
       8
       7
       4
       2
       3
       2
       5
       3
       1
       0
       1
       2
       0
       1
       1
       1
       1
       0
       2
       0
       0
       0
       0
       0
       0
       0
       1
       1
       1
       0
       0
       0
       0
       0
       1
       0
       0
       0
       0
       0
       0
       0
       0
       0
       0
       0
       1
       0
       0
       0
       0
       0
       1
       0
       0
       0
       0
       0
       0
       1
       1
       0
       0
       0
       0
       1
       0
       0
       0
       0
       0
       0
       1
       0
       0
       0
       0
       0
       0
       0
       0
       0
       0
       0
       0
       0
       2
       0
       0
       0
       0
       1
       0
       0
       0
       0
       1
       0
       0
       0
       0
       0
       0
       0
       0
       0
       0
       1
       0
       1
       0
       1
       0
       0
       1
       0
       0
       0
       0
       0
       0
       1
       0
       0
       0
       0
       0
       0
       0
       0
       1
       0
       0
       0
       0
       0
       0
       0
       0
       0
       0
       0
       0
       0
       1
       0
       0
       0
       0
       0
       0
       0
       0
       0
       0
       0
       1
       0
       1
       0
       0
       0
       0
       0
       1
       0
       0
       0
       0
       0
       1
       0
       0
       0
       0
       0
       1
       0
       0
       0
       0
       0
       0
       0
       1
       0
       0
       1
       0
       0
       0
       0
       1
       0
       1
       0
       0
       0
       0
       0
       0
       0
       0
       0
       0
       0
       0
       0
       0
       0
       0
       0
       0
       0
       0
       0
       0
       0
       0
       0
       0
       0
       0
       0
       1
       0
       0
       0
       0
       0
       0
       0
       0
       1
       0
       0
       0
       0
       1
       0
       0
       0
       0
       0
       0
       0
       0
       0
       0
       0
       0
       1
       0
       0
       0
       0
       1
       0
       0
       0
       0
       0
       0
       1
       0
       0
       2
       0
       1
       0
       0
       0
       1
       0
       0
       0
       0
       0
       0
       0
       0
       0
       0
       0
       0
       0
       0
       0
       0
       0
       0
       0
       0
       0
       0
       0
       0
       0
       0
       0
       0
       0
       0
       0
       0
       0
       0
       0
       0
       0
       0
       0
       1
       0
       0
       0
       0
       0
       0
       0
       0
       0
       0
       0
       0
       0
       0
       0
       1
       0
       1
       0
       0
       0
       0
       0
       0
       0
       0
       0
       0
       0
       0
       0
       0
       0
       0
       0
       0
       1
       0
       0
       0
       0
       0
       0
       0
       0
       0
       0
       0
       0
       0
       0
       0
       0
       0
       0
       0
       0
       1
       0
       0
       0
       0
       0
       0
       0
       1
       0
       0
       0
       0
       0
       0
       0
       0
       0
       0
       0
       0
       0
       0
       0
       0
       0
       0
       0
       0
       0
       0
       0
       0
       0
       0
       0
       0
       0
       0
       0
       0
       0
       0
       0
       0
       0
       0
       0
       0
       0
       0
       0
       0
       0
       0
       0
       0
       0
       0
       0
       0
       0
       0
       0
       0
       0
       0
       0
       0
       0
       0
       0
       0
       0
       0
       0
       0
       0
       0
       0
       0
       0
       0
       0
       0
       0
       0
       0
       0
       0
       0
       0
       0
       0
       0
       0
       0
       0
       0
       0
       0
       0
       0
       0
       0
       0
       0
       0
       0
       0
       0
       0
       0
       0
       0
       0
       0
       0
       0
       0
       0
       0
       0
       0
       0
       0
       0
       0
       0
       0
       0
       0
       0
       0
       0
       0
       0
       0
       0
       0
       0
       0
       0
       0
       0
       0
       0
       1
       1
       0
       0
       0
       0
       0
       0
       0
       0
       0
       0
       0
       0
       0
       0
       0
       0
       0
       0
       0
       0
       0
       0
       0
       0
       0
       0
       0
       0
       0
       0
       0
       0
       0
       0
       0
       0
       0
       0
       0
       0
       0
       0
       0
       0
       0
       0
       0
       0
       0
       0
       0
       0
       0
       0
       0
       0
       0
       0
       0
       0
       0
       0
       0
       0
       0
       0
       0
       0
       0
       0
       0
       0
       0
       0
       0
       0
       0
       0
       0
       0
       0
       0
       0
       0
       0
$ROI:
1
305 409
$PRESETS:
Live Time
240
0
$ENER_FIT:
0.000000 0.000000
$MCA_CAL:
3
0.000000E+000 0.000000E+000 0.000000E+000 
$SHAPE_CAL:
3
0.000000E+000 0.000000E+000 0.000000E+000
