$SPEC_ID:
No sample description was entered.
$SPEC_REM:
DET# 3
DETDESC# WD011-05 Easy-MCA-8k SN 13260149
AP# Maestro Version 7.01
$DATE_MEA:
04/04/2017 12:56:12
$MEAS_TIM:
1800 1807
$DATA:
0 1023
       0
       0
       0
       0
       0
       0
       0
       0
       0
       0
       0
       0
       0
       0
       0
     112
    2851
     766
     270
     163
     151
     130
     124
     109
      89
      77
      92
      57
      65
      72
      66
      59
      70
      84
      92
      88
      89
      99
     100
     116
      89
      95
      74
     110
     105
     129
     106
      96
     105
     110
     103
     101
      99
     134
     108
     115
     126
     109
     101
      92
      94
      99
     112
     129
     100
      99
      98
     111
      86
      90
     108
     100
      85
      94
      96
      95
      91
      72
      74
      68
      99
      85
      75
      67
      63
      64
      71
      48
      74
      66
      56
      77
      63
      71
      57
      81
      57
      62
      56
      66
      47
      48
      46
      48
      44
      40
      42
      33
      36
      40
      28
      35
      40
      37
      28
      21
      23
      28
      31
      25
      21
      26
      20
      18
      26
      27
      25
      22
      21
      20
      20
      24
      17
      18
      19
      16
      14
      12
       9
      10
      22
      16
      14
      16
      14
      10
      14
      16
      14
      18
       8
       9
       6
       6
      12
      17
       7
       3
       9
       6
       7
      11
      14
      13
      12
       8
       6
      11
       9
       8
       9
       8
      16
       4
       9
       3
      13
       5
       8
       8
      10
       8
       6
       4
       2
       5
       8
       9
       7
       6
       6
       5
       8
       6
       4
       5
       8
       3
       8
       7
       8
      11
       7
       1
       3
       4
       3
       2
       4
       4
       4
       3
       5
       9
       4
       7
       5
       6
       1
       6
       2
       6
       6
       3
       3
       7
       5
       7
       5
       4
       4
       6
       8
       5
       2
       2
       2
       3
       5
       6
       4
       2
       9
       5
       1
       2
       2
       6
       3
       3
       3
       3
       3
       6
       6
       1
       3
       7
       6
       4
       4
       3
       6
       4
       4
       5
       2
       3
       2
       2
       2
       2
       5
       5
       1
       3
       2
       1
       6
       5
       4
       4
       1
       3
       2
       2
       6
       0
       6
       3
       4
       4
       1
       1
       5
       2
       2
       4
       2
       3
       2
       1
       4
       0
       1
       3
       4
       4
       1
       2
       1
       1
       1
       0
       3
       0
       4
       2
       1
       1
       2
       3
       4
       3
       2
       1
       3
       3
       2
       1
       5
       3
       0
       3
       3
       1
       2
       2
       2
       0
       0
       3
       4
       2
       1
       2
       1
       3
       1
       1
       1
       0
       4
       3
       4
       0
       3
       3
       2
       0
       1
       3
       3
       2
       3
       2
       3
       1
       1
       1
       2
       2
       3
       3
       1
       2
       2
       1
       2
       6
       1
       2
       0
       5
       5
       3
       3
       2
       2
       2
       3
       1
       1
       3
       3
       1
       2
       6
       1
       0
       2
       1
       0
       3
       1
       1
       1
       3
       2
       1
       1
       0
       1
       3
       3
       1
       1
       2
       0
       2
       2
       1
       2
       1
       0
       1
       2
       2
       1
       2
       1
       0
       1
       1
       1
       1
       2
       1
       3
       1
       1
       2
       1
       3
       3
       0
       1
       1
       3
       0
       1
       2
       1
       0
       2
       4
       1
       0
       0
       1
       2
       2
       3
       2
       0
       0
       1
       3
       0
       0
       0
       2
       1
       1
       0
       0
       3
       2
       0
       2
       1
       1
       1
       0
       1
       4
       1
       1
       1
       0
       0
       1
       0
       1
       1
       0
       1
       1
       3
       2
       0
       0
       2
       0
       1
       0
       1
       1
       0
       1
       0
       0
       0
       0
       0
       1
       1
       1
       0
       2
       1
       3
       1
       2
       1
       0
       4
       2
       0
       0
       2
       0
       1
       1
       0
       2
       2
       0
       2
       0
       0
       0
       0
       0
       1
       0
       0
       0
       1
       0
       0
       3
       1
       2
       1
       2
       0
       0
       0
       0
       1
       1
       0
       0
       3
       1
       2
       1
       1
       0
       3
       1
       1
       0
       0
       1
       0
       0
       0
       1
       2
       1
       2
       1
       0
       1
       0
       1
       4
       2
       0
       0
       1
       0
       0
       1
       0
       0
       3
       1
       0
       1
       1
       2
       1
       0
       1
       0
       1
       1
       0
       0
       0
       1
       1
       2
       1
       0
       0
       0
       0
       2
       1
       0
       0
       1
       0
       0
       0
       0
       2
       3
       0
       0
       0
       0
       1
       0
       2
       1
       1
       0
       2
       0
       2
       1
       0
       0
       0
       1
       0
       0
       2
       1
       2
       1
       0
       2
       0
       1
       1
       1
       0
       1
       1
       2
       0
       0
       0
       0
       2
       1
       1
       0
       1
       3
       0
       0
       0
       0
       0
       2
       1
       0
       1
       2
       1
       1
       0
       3
       0
       1
       1
       1
       1
       1
       1
       0
       0
       0
       0
       1
       0
       0
       1
       0
       0
       3
       0
       0
       1
       0
       2
       0
       1
       0
       0
       0
       1
       1
       0
       1
       1
       0
       0
       0
       0
       1
       0
       0
       0
       0
       0
       0
       0
       0
       0
       1
       1
       0
       1
       1
       0
       2
       0
       2
       1
       0
       0
       2
       1
       1
       2
       0
       0
       0
       0
       1
       2
       0
       0
       0
       2
       0
       1
       0
       2
       0
       1
       0
       0
       1
       2
       0
       1
       1
       0
       1
       1
       0
       0
       0
       0
       0
       0
       0
       2
       1
       1
       0
       0
       0
       0
       0
       2
       0
       0
       0
       0
       1
       0
       1
       0
       0
       0
       0
       0
       0
       1
       0
       0
       0
       1
       1
       0
       0
       0
       0
       0
       0
       0
       0
       1
       0
       0
       0
       0
       0
       0
       0
       0
       1
       0
       0
       1
       0
       1
       1
       0
       0
       1
       0
       1
       0
       0
       1
       0
       2
       0
       0
       0
       1
       0
       0
       0
       0
       0
       1
       1
       0
       1
       0
       2
       0
       0
       0
       2
       0
       0
       0
       1
       0
       1
       0
       0
       0
       0
       0
       0
       0
       0
       0
       0
       0
       0
       2
       1
       1
       0
       1
       1
       0
       1
       0
       0
       0
       0
       0
       0
       0
       0
       0
       0
       1
       1
       0
       0
       2
       0
       3
       0
       0
       1
       0
       0
       1
       0
       0
       0
       1
       0
       0
       0
       0
       1
       0
       1
       0
       0
       0
       0
       0
       0
       0
       1
       0
       0
       0
       0
       0
       0
       0
       0
       0
       0
       2
       0
       0
       0
       0
       0
       1
       0
       0
       0
       0
       1
       0
       0
       0
       0
       0
       1
       0
       0
       0
       0
       0
       0
       0
       0
       0
       0
       1
       0
       0
       0
       0
       0
       0
       0
       0
       0
       0
       0
       0
       0
       0
       0
       0
       0
       0
       0
       0
       0
       0
       0
       0
       0
       0
       0
       0
       0
       0
       0
       0
       0
       0
       0
       0
       0
       0
       0
       0
       0
       0
       0
       0
       0
       0
       0
       0
       0
       0
$ROI:
1
411 499
$PRESETS:
Live Time
1800
0
$ENER_FIT:
0.000000 0.000000
$MCA_CAL:
3
0.000000E+000 0.000000E+000 0.000000E+000 
$SHAPE_CAL:
3
0.000000E+000 0.000000E+000 0.000000E+000
