$SPEC_ID:
No sample description was entered.
$SPEC_REM:
DET# 3
DETDESC# WD011-05 Easy-MCA-8k SN 13260149
AP# Maestro Version 7.01
$DATE_MEA:
04/04/2017 14:08:56
$MEAS_TIM:
240 241
$DATA:
0 1023
       0
       0
       0
       0
       0
       0
       0
       0
       0
       0
       0
       0
       0
       0
       0
      44
     886
     469
     411
     346
     374
     316
     256
     245
     238
     224
     218
     206
     205
     194
     201
     228
     229
     232
     209
     202
     231
     239
     212
     229
     216
     199
     221
     216
     248
     212
     217
     230
     225
     213
     211
     243
     236
     225
     242
     233
     242
     213
     225
     241
     230
     256
     226
     229
     213
     243
     248
     216
     233
     245
     237
     230
     248
     262
     227
     221
     253
     214
     228
     249
     215
     249
     210
     250
     215
     250
     257
     228
     249
     259
     260
     252
     276
     255
     286
     249
     250
     285
     294
     271
     284
     237
     255
     253
     227
     227
     222
     221
     203
     210
     217
     195
     217
     201
     205
     208
     203
     183
     203
     181
     201
     168
     166
     170
     167
     178
     172
     186
     161
     172
     166
     157
     155
     166
     154
     132
     175
     138
     154
     127
     143
     158
     158
     144
     140
     140
     109
     111
     143
     126
     118
     112
     129
     115
     121
     104
     100
     131
     148
     139
     117
     116
     127
      90
     118
     113
     103
      93
     124
      90
     111
     107
     104
     114
     103
     107
     109
     126
      90
     128
      95
     111
     126
     146
     113
     114
     105
     122
     118
     118
     105
     107
     107
     112
     107
     106
     117
     114
      98
     118
     110
     118
     103
     119
     124
     136
     137
     121
     125
     104
     110
     111
     104
     109
     119
     111
     111
     119
     118
     131
     116
     134
      94
     115
     115
      98
     111
     134
     112
     112
     118
     104
     109
     112
     125
      93
     101
      98
      95
     111
     105
     103
      73
      97
      83
      83
      89
      78
      69
      63
      52
      75
      86
      66
      62
      62
      47
      57
      51
      34
      46
      39
      41
      36
      24
      30
      32
      31
      34
      22
      29
      23
      27
      20
      20
      22
      14
      17
      14
      21
      16
      19
      17
      19
      14
      20
       8
      16
      19
      19
      10
      14
      10
      14
      11
       8
       4
      15
      10
       8
      12
      12
      11
       6
      10
      11
      13
       6
      11
      10
       7
      10
      12
      12
      10
      10
      14
      17
      14
      15
      11
      14
      13
       9
      16
      17
      18
      23
      22
      18
      35
      33
      32
      25
      24
      38
      42
      49
      41
      56
      63
      66
      66
      71
      64
      76
      78
      75
      91
      98
     118
     101
     126
     109
     116
     115
     112
     138
     121
     147
     133
     145
     148
     123
     142
     148
     124
     124
     110
     146
     135
     110
     106
     117
     119
      99
      82
      92
      81
      69
      69
      72
      67
      68
      55
      55
      48
      30
      41
      38
      31
      26
      25
      28
      15
      14
      17
      18
      14
      11
       8
       7
       5
       4
       4
       6
       3
       6
       5
       6
       4
       6
       3
       0
       2
       1
       0
       0
       0
       1
       0
       1
       0
       2
       0
       0
       0
       0
       0
       0
       0
       0
       1
       1
       0
       0
       0
       0
       0
       0
       1
       0
       1
       1
       1
       1
       0
       0
       0
       0
       0
       0
       1
       0
       1
       1
       0
       0
       1
       0
       0
       0
       1
       0
       0
       0
       0
       0
       0
       0
       0
       0
       0
       0
       1
       0
       0
       1
       0
       0
       0
       0
       0
       0
       0
       0
       0
       0
       0
       0
       0
       0
       0
       1
       0
       0
       0
       0
       0
       0
       2
       0
       0
       1
       0
       0
       0
       0
       0
       0
       0
       0
       0
       1
       0
       0
       0
       0
       0
       1
       0
       1
       0
       0
       0
       0
       0
       0
       0
       0
       1
       0
       0
       0
       0
       0
       0
       0
       0
       0
       0
       0
       0
       0
       1
       0
       0
       0
       0
       0
       0
       0
       0
       0
       1
       0
       0
       0
       0
       0
       0
       0
       0
       0
       0
       0
       0
       0
       0
       0
       0
       0
       0
       1
       0
       0
       0
       2
       0
       0
       0
       0
       0
       0
       0
       0
       0
       0
       0
       0
       0
       0
       0
       0
       0
       1
       1
       0
       1
       0
       1
       0
       0
       0
       0
       0
       0
       0
       0
       0
       0
       0
       0
       0
       0
       0
       0
       0
       0
       1
       0
       0
       0
       0
       0
       0
       0
       0
       0
       0
       0
       0
       0
       0
       0
       0
       0
       0
       0
       0
       0
       0
       0
       0
       1
       0
       0
       0
       1
       0
       1
       0
       0
       0
       0
       0
       0
       0
       0
       0
       0
       1
       0
       0
       0
       0
       0
       0
       0
       0
       0
       0
       0
       0
       0
       0
       0
       1
       0
       0
       0
       0
       0
       0
       0
       0
       0
       1
       0
       0
       0
       0
       1
       0
       0
       0
       0
       0
       0
       0
       0
       0
       0
       0
       0
       0
       0
       0
       0
       0
       0
       0
       0
       0
       0
       0
       0
       0
       0
       1
       0
       0
       0
       0
       0
       0
       0
       0
       0
       0
       0
       0
       0
       0
       0
       0
       0
       0
       2
       1
       0
       0
       0
       0
       0
       0
       0
       0
       0
       0
       0
       0
       0
       0
       0
       0
       0
       0
       0
       0
       0
       0
       0
       0
       0
       0
       0
       0
       0
       0
       0
       0
       0
       0
       0
       0
       0
       0
       0
       0
       0
       0
       0
       0
       0
       0
       0
       0
       0
       0
       0
       0
       0
       0
       0
       0
       1
       0
       0
       0
       0
       0
       0
       0
       0
       0
       0
       0
       0
       0
       0
       0
       0
       0
       0
       0
       0
       0
       0
       0
       0
       0
       0
       0
       0
       0
       0
       0
       0
       0
       0
       1
       0
       0
       0
       0
       0
       0
       0
       0
       0
       0
       0
       0
       0
       0
       0
       0
       0
       0
       0
       0
       0
       0
       0
       1
       0
       0
       0
       0
       0
       0
       0
       0
       0
       0
       0
       0
       0
       0
       0
       1
       1
       0
       0
       0
       0
       0
       0
       0
       0
       0
       0
       1
       0
       0
       0
       0
       0
       0
       0
       0
       0
       0
       0
       0
       0
       0
       0
       0
       0
       0
       0
       0
       0
       0
       0
       0
       0
       0
       0
       0
       0
       0
       0
       0
       0
       0
       0
       0
       0
       0
       0
       0
       1
       0
       0
       0
       0
       0
       0
       0
       0
       0
       0
       0
       0
       0
       0
       0
       0
       0
       0
       0
       0
       0
       0
       0
       0
       0
       0
       0
       0
       0
       0
       0
       0
       0
       0
       0
       0
       0
       0
       0
       0
       0
       0
       0
       0
       0
       0
       0
       0
       0
       0
       0
       0
       0
       0
       0
       0
       0
       0
       0
       0
       0
       0
       0
       0
       0
       0
       0
       0
       0
       0
       0
       0
       0
       0
       0
       0
       0
       0
       0
       0
       0
       0
       0
       0
       0
       0
       0
       0
       0
       0
       0
       0
       0
       0
       0
       0
       0
       0
       0
$ROI:
1
320 406
$PRESETS:
Live Time
240
0
$ENER_FIT:
0.000000 0.000000
$MCA_CAL:
3
0.000000E+000 0.000000E+000 0.000000E+000 
$SHAPE_CAL:
3
0.000000E+000 0.000000E+000 0.000000E+000
