$SPEC_ID:
No sample description was entered.
$SPEC_REM:
DET# 3
DETDESC# WD011-05 Easy-MCA-8k SN 13260149
AP# Maestro Version 7.01
$DATE_MEA:
04/04/2017 13:38:10
$MEAS_TIM:
240 241
$DATA:
0 1023
       0
       0
       0
       0
       0
       0
       0
       0
       0
       0
       0
       0
       0
       0
       0
      31
     727
     466
     381
     388
     367
     295
     258
     231
     255
     215
     201
     232
     212
     192
     224
     177
     201
     216
     232
     225
     213
     192
     204
     202
     192
     220
     212
     253
     222
     218
     211
     207
     202
     229
     228
     208
     224
     218
     193
     219
     223
     247
     226
     205
     238
     221
     226
     231
     222
     225
     225
     220
     243
     204
     249
     224
     243
     257
     220
     230
     225
     226
     220
     207
     216
     239
     200
     233
     239
     226
     223
     244
     247
     259
     235
     242
     255
     273
     262
     262
     259
     262
     288
     273
     266
     232
     261
     236
     237
     239
     230
     233
     211
     189
     227
     192
     206
     183
     205
     191
     164
     190
     186
     198
     190
     154
     186
     167
     162
     172
     170
     189
     152
     156
     171
     153
     147
     145
     149
     141
     171
     131
     129
     131
     143
     120
     120
     118
     132
     125
     110
     132
     120
     119
     114
     102
     125
     118
     127
     117
     107
     129
     101
     114
     107
      96
     111
     113
     112
     112
     112
     111
     112
     120
     105
     103
     104
      95
     101
     112
     112
     101
     114
     117
      99
     108
     114
     107
     107
     102
     113
     101
      96
      97
      96
     103
      99
     112
      97
     113
      80
     127
      95
     105
      98
      99
     103
     110
     115
     100
     106
     103
     108
     109
     120
     121
     111
     117
      90
     124
     125
     101
     121
     105
      98
     125
     119
     120
     104
     118
     116
     116
     126
      95
     133
     103
     119
     103
     104
      78
     102
      89
      86
     102
      94
      93
      97
      78
      72
      73
      80
      83
      59
      45
      58
      53
      51
      58
      46
      43
      47
      41
      35
      43
      37
      37
      43
      36
      30
      25
      26
      28
      39
      20
      16
      18
      15
      21
      24
      19
      16
      15
      16
      21
      12
      19
      18
      15
      15
       6
      12
      16
      12
       9
       7
       9
      10
       9
       8
      14
      14
      10
      14
      12
      10
      11
       6
       8
       7
       8
       7
       6
       5
      12
      16
       9
      12
       8
      12
      13
      15
      12
      19
      12
      16
      21
      16
      21
      18
      19
      16
      31
      32
      43
      28
      29
      49
      37
      38
      41
      55
      58
      64
      66
      72
      81
      80
      83
      74
     100
     102
     105
     101
     117
     128
      95
     143
     118
     125
     135
     122
     110
     155
     124
     146
     144
     121
     128
     115
     125
     116
     112
     131
     116
     107
     104
      99
      98
      90
      68
      77
      73
      60
      59
      55
      59
      45
      36
      43
      28
      27
      34
      16
      25
      15
      24
      15
      11
       7
      15
      14
       6
       6
       3
       9
       7
       6
       5
       4
       7
       2
       0
       1
       2
       1
       1
       0
       2
       1
       1
       0
       0
       0
       0
       0
       1
       0
       0
       0
       0
       0
       1
       0
       0
       0
       1
       0
       0
       0
       0
       0
       0
       1
       0
       0
       0
       0
       0
       0
       0
       0
       0
       0
       0
       0
       0
       1
       0
       0
       0
       0
       0
       0
       0
       0
       0
       0
       0
       0
       0
       0
       0
       0
       1
       0
       0
       0
       0
       1
       0
       1
       0
       0
       1
       0
       0
       1
       1
       0
       0
       0
       0
       0
       0
       0
       0
       0
       0
       1
       0
       0
       0
       1
       0
       0
       1
       0
       0
       0
       0
       1
       0
       0
       0
       0
       0
       0
       0
       0
       0
       0
       0
       0
       0
       0
       0
       0
       0
       0
       0
       0
       0
       1
       0
       0
       0
       0
       0
       1
       0
       0
       1
       0
       0
       0
       0
       0
       0
       0
       0
       0
       0
       0
       0
       0
       0
       0
       0
       0
       0
       0
       0
       1
       0
       0
       0
       0
       0
       0
       0
       1
       0
       0
       2
       0
       1
       0
       0
       0
       0
       0
       0
       0
       0
       1
       0
       1
       0
       0
       0
       0
       0
       0
       0
       0
       0
       0
       0
       0
       0
       0
       0
       1
       0
       0
       0
       0
       0
       0
       0
       0
       0
       0
       0
       0
       1
       0
       0
       0
       0
       0
       0
       0
       0
       0
       1
       0
       0
       0
       1
       0
       0
       0
       0
       0
       0
       0
       0
       0
       0
       0
       0
       1
       0
       0
       0
       0
       0
       0
       0
       0
       0
       1
       0
       0
       0
       0
       0
       0
       0
       0
       0
       0
       0
       0
       0
       0
       0
       0
       0
       0
       0
       1
       0
       0
       0
       0
       0
       0
       0
       0
       0
       0
       0
       0
       0
       0
       0
       0
       0
       0
       0
       0
       0
       0
       0
       0
       0
       0
       0
       0
       0
       0
       0
       0
       0
       0
       0
       1
       0
       0
       0
       0
       0
       0
       0
       0
       1
       0
       0
       0
       0
       0
       0
       0
       0
       0
       0
       0
       1
       0
       0
       0
       0
       0
       0
       0
       0
       0
       0
       0
       0
       0
       0
       0
       0
       0
       0
       0
       0
       0
       0
       0
       0
       0
       0
       0
       0
       0
       0
       0
       0
       0
       0
       0
       0
       0
       0
       0
       0
       0
       0
       0
       0
       0
       0
       0
       0
       0
       0
       0
       0
       0
       0
       0
       0
       0
       0
       0
       0
       0
       0
       0
       0
       0
       0
       1
       0
       0
       0
       0
       0
       0
       0
       0
       0
       0
       0
       0
       0
       0
       0
       1
       1
       0
       0
       0
       0
       0
       0
       0
       0
       0
       0
       0
       0
       0
       0
       0
       0
       0
       0
       0
       0
       0
       1
       1
       0
       0
       0
       0
       0
       0
       0
       0
       0
       0
       0
       0
       0
       0
       0
       0
       0
       0
       0
       1
       0
       0
       0
       0
       0
       0
       0
       0
       0
       0
       0
       0
       0
       0
       0
       0
       0
       0
       0
       0
       0
       0
       0
       0
       0
       0
       0
       0
       0
       1
       0
       0
       0
       0
       0
       0
       0
       0
       0
       0
       0
       0
       1
       0
       0
       0
       0
       0
       0
       0
       0
       0
       0
       0
       0
       0
       0
       0
       0
       0
       0
       0
       0
       0
       0
       0
       0
       0
       0
       0
       0
       0
       0
       0
       0
       0
       0
       0
       0
       0
       0
       0
       0
       0
       0
       0
       0
       0
       0
       0
       0
       0
       0
       0
       0
       0
       0
       0
       0
       0
       0
       0
       0
       0
       0
       0
       0
       0
       0
       0
       0
       0
       0
       0
       0
       0
       0
       0
       0
       0
       0
       0
       0
       0
       0
       0
       0
       0
       0
       0
       0
       0
       0
       0
       0
       0
       0
       0
       0
       0
       0
       0
       0
       0
       0
       0
       0
       0
       0
       0
       0
       0
       0
       0
       0
       0
       0
       0
       0
       0
       0
       0
       0
       0
       0
       0
       0
       0
       0
       0
       0
$ROI:
1
305 409
$PRESETS:
Live Time
240
0
$ENER_FIT:
0.000000 0.000000
$MCA_CAL:
3
0.000000E+000 0.000000E+000 0.000000E+000 
$SHAPE_CAL:
3
0.000000E+000 0.000000E+000 0.000000E+000
