$SPEC_ID:
No sample description was entered.
$SPEC_REM:
DET# 3
DETDESC# WD011-05 Easy-MCA-8k SN 13260149
AP# Maestro Version 7.01
$DATE_MEA:
04/04/2017 13:29:25
$MEAS_TIM:
240 241
$DATA:
0 1023
       0
       0
       0
       0
       0
       0
       0
       0
       0
       0
       0
       0
       0
       0
       0
      29
     689
     458
     415
     335
     304
     264
     251
     255
     198
     214
     208
     180
     182
     196
     198
     189
     185
     186
     168
     202
     172
     164
     182
     216
     161
     174
     188
     178
     179
     199
     205
     169
     190
     193
     204
     191
     181
     184
     185
     205
     209
     190
     199
     192
     215
     212
     206
     202
     204
     213
     199
     213
     212
     177
     248
     214
     226
     211
     219
     195
     202
     233
     188
     212
     222
     188
     211
     226
     210
     206
     189
     216
     210
     193
     215
     212
     208
     228
     196
     258
     220
     284
     266
     248
     274
     239
     252
     272
     268
     237
     220
     242
     262
     211
     225
     205
     209
     207
     213
     211
     200
     193
     182
     194
     173
     180
     192
     169
     176
     159
     154
     152
     184
     159
     165
     136
     131
     149
     153
     155
     149
     167
     130
     112
     129
     124
     133
     141
     119
     122
     135
     100
     122
     112
     101
     120
     112
     132
     115
     103
     128
     125
     108
     106
     117
      97
      92
     109
      84
      91
     123
      97
      93
     105
     101
     109
     100
     121
      84
     103
     100
     109
     103
     108
     104
     102
     102
     110
      79
      85
      95
     110
      92
      82
      91
      76
      98
      89
     114
      92
      90
      93
     100
     104
      91
      96
      98
      88
     100
     124
      94
      99
      90
      96
      84
      87
     106
     106
     106
      77
      95
      89
      87
      92
      90
     104
     101
     124
     119
     102
      80
     100
      92
     117
      98
     129
      93
     111
     108
      97
      96
     114
      98
      93
     104
     117
     105
     108
     117
     102
      97
      87
      88
      92
      80
      99
      73
      88
      83
      77
      77
     108
      76
      68
      74
      69
      72
      59
      71
      54
      62
      50
      67
      39
      40
      41
      49
      45
      31
      36
      37
      46
      34
      23
      32
      33
      29
      19
      33
      17
      19
      20
      18
      21
      34
      20
      17
      11
      13
      10
      17
      10
      15
      15
      17
      14
      13
       7
      15
       7
      15
      21
       6
      11
      12
       9
       7
      12
      11
       8
      17
       8
       7
      10
       9
      14
       9
      13
       6
       9
       8
       9
       9
       8
      14
       7
      13
       8
       6
       7
      10
       9
      10
      15
      13
      13
      16
      13
      11
      16
       9
      16
      10
      17
      20
      27
      24
      28
      28
      39
      38
      36
      49
      37
      53
      40
      43
      50
      55
      56
      63
      75
     100
      78
      78
     106
      83
     103
     128
     119
     119
     134
     137
     114
     122
     144
     139
     127
     131
     139
     103
     132
     135
     111
     121
     101
     134
     104
     111
      93
      89
      72
      85
      78
      73
      79
      75
      71
      59
      35
      61
      49
      42
      45
      24
      39
      25
      25
      22
      24
      18
      19
      12
      12
       9
       9
       6
       7
      10
       7
       6
      10
       4
       4
       2
       4
       4
       4
       3
       2
       3
       2
       1
       3
       0
       1
       1
       0
       0
       0
       0
       0
       0
       0
       0
       1
       0
       0
       1
       0
       0
       1
       0
       0
       0
       0
       0
       0
       1
       0
       0
       0
       0
       0
       0
       0
       0
       0
       0
       0
       0
       0
       0
       0
       0
       0
       0
       0
       0
       0
       0
       0
       0
       2
       0
       1
       0
       0
       0
       0
       0
       0
       0
       0
       0
       0
       0
       0
       0
       0
       2
       1
       1
       0
       0
       1
       0
       0
       0
       0
       0
       0
       0
       0
       0
       0
       0
       0
       0
       0
       1
       0
       0
       0
       0
       0
       0
       1
       0
       0
       0
       0
       1
       0
       0
       0
       0
       0
       0
       0
       0
       0
       0
       0
       0
       0
       0
       0
       0
       0
       0
       0
       0
       0
       0
       0
       0
       0
       0
       1
       0
       0
       0
       0
       0
       1
       0
       0
       0
       0
       0
       0
       0
       0
       0
       0
       0
       0
       0
       0
       0
       0
       0
       0
       0
       0
       0
       0
       1
       2
       0
       0
       0
       1
       0
       0
       0
       0
       0
       0
       0
       0
       0
       0
       0
       0
       0
       0
       0
       0
       0
       1
       0
       0
       0
       0
       0
       0
       0
       0
       1
       0
       0
       0
       1
       0
       0
       0
       0
       0
       0
       0
       0
       0
       1
       0
       0
       0
       1
       0
       0
       0
       0
       0
       2
       0
       0
       0
       0
       0
       0
       0
       0
       0
       0
       0
       0
       0
       0
       0
       0
       0
       0
       0
       0
       0
       0
       0
       0
       1
       0
       0
       0
       0
       0
       1
       0
       0
       0
       0
       0
       0
       0
       1
       0
       0
       1
       0
       0
       0
       1
       0
       1
       0
       0
       0
       0
       0
       0
       0
       0
       0
       0
       0
       0
       0
       0
       0
       0
       0
       0
       0
       0
       0
       0
       0
       0
       0
       0
       0
       0
       0
       0
       0
       0
       0
       0
       0
       0
       0
       0
       0
       0
       0
       0
       0
       0
       0
       0
       0
       0
       0
       0
       0
       0
       0
       1
       0
       0
       0
       0
       0
       1
       0
       0
       0
       1
       0
       0
       0
       0
       1
       0
       0
       0
       0
       0
       0
       0
       0
       0
       0
       0
       0
       0
       0
       0
       0
       1
       0
       0
       0
       0
       0
       0
       0
       0
       0
       0
       0
       0
       0
       0
       0
       0
       0
       0
       0
       0
       0
       0
       0
       0
       0
       0
       0
       0
       0
       0
       0
       0
       0
       0
       0
       0
       0
       0
       0
       0
       0
       0
       0
       0
       0
       0
       0
       0
       0
       0
       0
       0
       0
       0
       0
       0
       0
       0
       0
       0
       0
       0
       0
       0
       0
       0
       1
       0
       0
       0
       0
       0
       0
       0
       0
       0
       0
       0
       0
       0
       0
       0
       0
       0
       0
       0
       0
       0
       0
       0
       0
       0
       0
       0
       0
       0
       0
       0
       0
       0
       0
       0
       0
       0
       0
       0
       0
       0
       0
       0
       0
       0
       0
       0
       0
       0
       0
       0
       0
       0
       0
       0
       0
       0
       0
       1
       0
       0
       0
       0
       1
       0
       0
       0
       0
       0
       0
       0
       0
       0
       0
       0
       0
       0
       0
       0
       0
       0
       0
       0
       0
       0
       0
       0
       0
       1
       0
       0
       0
       0
       0
       0
       0
       0
       0
       0
       0
       0
       0
       0
       0
       0
       1
       0
       0
       0
       0
       0
       0
       0
       0
       0
       0
       0
       0
       0
       0
       0
       0
       0
       0
       0
       0
       0
       0
       0
       0
       0
       0
       0
       0
       0
       0
       0
       0
       0
       0
       0
       0
       0
       0
       0
       0
       0
       0
       0
       0
       0
       0
       0
       0
       0
       0
       0
       0
       0
       0
       0
       0
       0
       0
       0
       0
       0
       0
       0
       0
       0
       0
$ROI:
1
331 433
$PRESETS:
Live Time
240
0
$ENER_FIT:
0.000000 0.000000
$MCA_CAL:
3
0.000000E+000 0.000000E+000 0.000000E+000 
$SHAPE_CAL:
3
0.000000E+000 0.000000E+000 0.000000E+000
