$SPEC_ID:
No sample description was entered.
$SPEC_REM:
DET# 3
DETDESC# WD011-05 Easy-MCA-8k SN 13260149
AP# Maestro Version 7.01
$DATE_MEA:
04/10/2017 13:01:39
$MEAS_TIM:
240 241
$DATA:
0 1023
       0
       0
       0
       0
       0
       0
       0
       0
       0
       0
       0
       0
       0
       1
       0
       0
       1
       0
      42
     572
     488
     437
     391
     313
     327
     273
     260
     280
     258
     231
     272
     233
     277
     257
     267
     248
     253
     237
     242
     267
     276
     251
     254
     269
     245
     262
     281
     258
     273
     253
     237
     251
     259
     250
     256
     263
     236
     230
     282
     259
     273
     283
     316
     278
     300
     251
     248
     272
     301
     290
     258
     273
     252
     253
     269
     283
     255
     261
     263
     261
     261
     284
     260
     251
     279
     235
     280
     253
     275
     289
     290
     275
     277
     314
     275
     313
     293
     311
     316
     316
     278
     332
     300
     331
     282
     263
     260
     304
     280
     265
     258
     266
     247
     258
     251
     280
     244
     218
     259
     239
     219
     194
     244
     213
     228
     241
     219
     193
     226
     215
     197
     193
     207
     191
     199
     173
     172
     167
     186
     156
     182
     181
     183
     172
     188
     167
     179
     169
     170
     158
     171
     159
     165
     145
     157
     151
     151
     140
     122
     149
     148
     105
     132
     151
     128
     127
     129
     138
     128
     132
     128
     144
     147
     129
     128
     133
     142
     158
     146
     142
     126
     143
     125
     155
     148
     118
     130
     140
     140
     144
     147
     129
     107
     137
     128
     116
     106
     120
     142
     135
     113
     128
     119
     139
     122
     135
     136
     153
     119
     122
     132
     147
     114
     139
     118
     144
     116
     150
     140
     156
     147
     137
     146
     143
     124
     150
     146
     132
     145
     136
     142
     127
     141
     118
     127
     134
     123
     128
     137
      98
     127
     116
     132
     137
     130
     117
     121
     115
     136
     113
     115
     117
      95
     102
     105
      90
     109
     107
     104
      98
      88
      91
      67
      83
      84
      55
      62
      54
      55
      54
      60
      56
      55
      55
      40
      49
      38
      38
      49
      30
      41
      34
      34
      33
      27
      25
      27
      27
      23
      20
      27
      20
      21
      21
      19
      17
      27
      20
      10
      17
      20
      22
      11
       9
      12
      14
      13
      13
      15
      25
      11
      18
      15
      11
      13
       8
      14
       8
      12
       8
       9
      15
       9
      19
       5
      15
      11
      17
      15
      10
      10
      17
      18
      15
      17
      15
      21
      21
      14
      17
      24
      17
      25
      19
      31
      24
      20
      30
      39
      42
      45
      44
      41
      58
      54
      51
      65
      60
      84
     100
      89
     100
      89
     109
     107
     113
     125
     125
     131
     152
     141
     147
     184
     151
     158
     182
     161
     170
     180
     187
     186
     174
     166
     166
     176
     145
     166
     136
     142
     142
     132
     112
     103
     120
     100
     113
     108
      81
      82
      89
      68
      76
      57
      50
      42
      50
      39
      36
      41
      34
      34
      24
      21
      19
      15
      16
      11
      12
      11
       5
      10
      11
       8
       7
      13
       2
       1
       2
       2
       2
       4
       5
       2
       1
       1
       1
       0
       1
       0
       2
       1
       1
       0
       0
       2
       1
       0
       0
       1
       1
       0
       1
       0
       0
       0
       0
       0
       0
       0
       0
       2
       0
       1
       0
       0
       2
       0
       1
       2
       0
       0
       0
       0
       0
       2
       0
       1
       0
       0
       0
       0
       1
       0
       0
       0
       0
       0
       0
       0
       0
       0
       0
       0
       0
       0
       0
       0
       0
       0
       1
       0
       0
       0
       0
       0
       0
       0
       0
       0
       0
       0
       0
       1
       0
       0
       0
       0
       0
       0
       1
       0
       0
       0
       0
       1
       0
       0
       1
       0
       0
       0
       0
       0
       1
       0
       0
       0
       0
       0
       0
       0
       0
       0
       0
       0
       0
       0
       0
       0
       0
       0
       0
       0
       0
       0
       1
       0
       0
       2
       0
       1
       0
       0
       0
       1
       0
       0
       0
       0
       0
       0
       0
       0
       0
       0
       0
       0
       0
       0
       1
       0
       0
       0
       0
       0
       0
       0
       0
       0
       0
       0
       0
       1
       0
       0
       0
       0
       0
       0
       0
       0
       0
       0
       0
       1
       0
       0
       0
       0
       0
       0
       0
       0
       1
       0
       0
       0
       0
       1
       0
       0
       0
       0
       0
       0
       0
       0
       0
       0
       0
       0
       2
       0
       0
       0
       0
       0
       0
       0
       0
       0
       0
       0
       0
       0
       0
       0
       0
       0
       0
       0
       0
       1
       0
       0
       1
       0
       0
       0
       0
       0
       0
       0
       0
       0
       0
       0
       0
       0
       0
       0
       0
       1
       0
       0
       0
       0
       0
       0
       0
       0
       0
       1
       0
       0
       0
       0
       0
       0
       0
       0
       0
       0
       0
       0
       0
       0
       0
       0
       0
       1
       0
       0
       0
       0
       0
       0
       0
       0
       0
       1
       0
       0
       0
       0
       1
       0
       0
       0
       0
       0
       0
       0
       0
       0
       0
       0
       0
       0
       0
       1
       0
       0
       0
       0
       0
       1
       0
       0
       2
       0
       1
       0
       0
       0
       0
       0
       1
       0
       0
       0
       0
       0
       0
       0
       0
       0
       0
       0
       0
       0
       0
       0
       0
       0
       0
       0
       0
       0
       0
       0
       0
       0
       0
       0
       0
       0
       0
       0
       0
       0
       0
       0
       0
       0
       0
       0
       0
       1
       0
       0
       0
       1
       0
       0
       0
       0
       0
       0
       0
       0
       0
       0
       0
       0
       1
       0
       0
       0
       0
       0
       0
       0
       0
       0
       0
       0
       0
       0
       0
       0
       0
       0
       0
       0
       0
       0
       0
       0
       0
       0
       0
       0
       0
       0
       0
       0
       0
       0
       0
       0
       0
       0
       0
       0
       0
       0
       0
       0
       1
       0
       0
       0
       0
       0
       0
       0
       0
       0
       0
       0
       0
       0
       1
       0
       0
       0
       0
       0
       0
       0
       0
       0
       0
       0
       0
       0
       0
       0
       1
       0
       0
       0
       0
       0
       0
       1
       0
       0
       0
       0
       0
       0
       1
       1
       1
       0
       0
       0
       0
       0
       0
       0
       0
       0
       0
       0
       0
       0
       0
       0
       1
       0
       1
       0
       0
       0
       0
       0
       0
       0
       0
       0
       0
       0
       0
       0
       0
       0
       0
       0
       0
       0
       0
       0
       0
       0
       0
       0
       0
       0
       0
       0
       0
       0
       0
       0
       0
       0
       0
       0
       0
       0
       0
       0
       0
       0
       0
       0
       0
       0
       0
       0
       0
       0
       0
       1
       0
       0
       0
       0
       0
       0
       0
       0
       0
       0
       0
       0
       0
       0
       0
       0
       0
       0
       0
       0
       0
       0
       0
       0
       0
       0
       0
       0
       0
       0
       0
       0
       0
       0
       0
       0
       0
       0
       0
       0
       0
       0
       0
       0
       0
       0
       0
       0
       0
       0
       0
       0
       0
       0
       0
       0
       0
$ROI:
1
328 427
$PRESETS:
Live Time
240
0
$ENER_FIT:
0.000000 0.000000
$MCA_CAL:
3
0.000000E+000 0.000000E+000 0.000000E+000 
$SHAPE_CAL:
3
0.000000E+000 0.000000E+000 0.000000E+000
