$SPEC_ID:
No sample description was entered.
$SPEC_REM:
DET# 3
DETDESC# WD011-05 Easy-MCA-8k SN 13260149
AP# Maestro Version 7.01
$DATE_MEA:
04/10/2017 13:09:31
$MEAS_TIM:
240 241
$DATA:
0 1023
       0
       0
       0
       0
       0
       0
       0
       0
       0
       0
       0
       0
       0
       0
       0
       0
       0
       0
      46
     594
     486
     412
     364
     313
     315
     292
     254
     260
     274
     220
     248
     263
     245
     222
     278
     241
     266
     246
     266
     264
     256
     272
     249
     232
     272
     227
     244
     277
     255
     248
     261
     275
     235
     274
     264
     257
     279
     269
     274
     261
     285
     271
     280
     267
     276
     270
     279
     268
     259
     273
     262
     264
     298
     253
     279
     260
     267
     211
     286
     262
     262
     241
     236
     270
     265
     265
     235
     262
     271
     290
     273
     290
     302
     300
     307
     318
     305
     300
     301
     320
     298
     294
     274
     313
     295
     323
     288
     258
     261
     271
     228
     259
     260
     235
     254
     260
     278
     248
     225
     225
     222
     215
     215
     209
     235
     239
     244
     230
     227
     202
     189
     206
     199
     185
     195
     177
     159
     182
     171
     161
     172
     166
     151
     172
     159
     184
     151
     204
     149
     172
     172
     148
     142
     154
     139
     122
     145
     131
     148
     133
     151
     140
     133
     134
     134
     139
     131
     140
     134
     138
     133
     158
     139
     130
     132
     163
     131
     136
     125
     128
     130
     127
     119
     122
     128
     140
     129
     118
     136
     131
     135
     131
     143
     142
     129
     101
     118
     139
     120
     128
     117
     137
     129
     142
     125
     135
     145
     121
     135
     129
     142
     132
     136
     136
     121
     114
     136
     136
     144
     125
     138
     134
     128
     136
     142
     144
     139
     121
     141
     129
     141
     137
     168
     123
     137
     146
     116
     138
     111
     113
     128
     123
     125
     130
     125
     120
     120
     109
     107
     101
     108
     104
      93
      95
      84
      94
      92
      87
      83
      62
      60
      61
      52
      70
      53
      63
      37
      48
      55
      49
      45
      43
      33
      34
      46
      30
      25
      23
      21
      30
      39
      28
      12
      23
      17
      24
      19
      19
      15
      22
      21
      22
      17
      23
      25
      10
      20
      18
      19
      11
      14
      12
      16
      18
      12
      18
      15
       9
      11
      11
       6
      10
      16
      15
      10
      11
       9
      15
      11
      23
       9
      10
       8
      12
      12
      15
      17
       7
      20
      10
      15
      13
      21
      17
      14
      21
      18
      30
      25
      25
      44
      31
      34
      39
      35
      47
      39
      49
      50
      62
      74
      72
      82
      75
      93
      83
      96
     102
     121
     143
     133
     162
     141
     152
     136
     180
     141
     184
     159
     175
     158
     146
     167
     166
     171
     144
     180
     156
     179
     161
     159
     129
     149
     129
     122
     119
     124
      86
     100
      93
     101
      88
      81
      72
      54
      71
      60
      45
      40
      39
      36
      27
      31
      30
      10
      26
      20
      14
      10
      14
      12
       9
       7
      11
       5
       5
       9
       4
       2
       5
       4
       2
       2
       0
       2
       2
       1
       0
       2
       2
       1
       0
       0
       0
       0
       0
       0
       0
       0
       0
       0
       0
       1
       0
       1
       0
       1
       0
       0
       1
       0
       0
       1
       0
       0
       0
       0
       0
       0
       0
       0
       0
       0
       1
       0
       2
       1
       2
       0
       0
       0
       0
       0
       0
       0
       1
       0
       0
       0
       0
       0
       0
       0
       1
       0
       0
       1
       0
       1
       0
       0
       1
       0
       0
       0
       0
       0
       0
       0
       0
       0
       0
       0
       0
       0
       1
       0
       0
       0
       0
       0
       0
       0
       0
       0
       0
       0
       0
       0
       0
       0
       1
       0
       0
       0
       0
       0
       0
       0
       0
       0
       1
       0
       0
       0
       0
       0
       1
       0
       0
       0
       0
       0
       0
       0
       0
       0
       1
       0
       0
       1
       0
       0
       0
       0
       0
       0
       0
       0
       0
       0
       0
       1
       1
       0
       0
       0
       0
       1
       0
       0
       0
       0
       0
       0
       0
       0
       0
       0
       0
       0
       0
       1
       0
       0
       0
       0
       0
       0
       1
       0
       0
       0
       0
       0
       0
       0
       0
       0
       0
       0
       0
       0
       0
       0
       0
       0
       0
       0
       0
       0
       0
       0
       0
       0
       0
       0
       0
       0
       0
       0
       0
       0
       0
       0
       0
       1
       0
       1
       0
       1
       0
       0
       0
       0
       0
       0
       0
       0
       0
       1
       0
       0
       0
       0
       1
       0
       2
       0
       0
       0
       0
       1
       0
       0
       0
       1
       0
       0
       0
       0
       0
       0
       0
       0
       0
       0
       0
       0
       0
       1
       0
       0
       0
       0
       0
       0
       0
       0
       0
       0
       0
       0
       0
       0
       0
       0
       0
       0
       0
       0
       0
       0
       0
       0
       0
       0
       0
       0
       0
       0
       0
       0
       0
       0
       0
       1
       0
       0
       0
       0
       0
       0
       1
       0
       0
       0
       0
       0
       0
       0
       0
       0
       0
       0
       0
       0
       0
       0
       0
       0
       0
       0
       0
       0
       0
       0
       0
       0
       0
       0
       0
       0
       0
       0
       1
       0
       0
       0
       0
       0
       0
       0
       0
       1
       0
       0
       0
       0
       0
       0
       0
       0
       0
       0
       0
       1
       0
       0
       0
       0
       0
       0
       0
       1
       0
       0
       0
       0
       0
       1
       0
       0
       0
       0
       0
       0
       0
       0
       0
       0
       0
       0
       0
       1
       0
       0
       0
       0
       0
       0
       0
       0
       0
       1
       0
       0
       0
       0
       0
       0
       0
       0
       0
       0
       0
       0
       0
       0
       0
       0
       0
       0
       0
       0
       0
       0
       0
       0
       0
       0
       0
       0
       0
       0
       0
       0
       0
       0
       0
       0
       0
       0
       0
       0
       0
       0
       1
       0
       0
       0
       0
       0
       0
       0
       0
       0
       0
       0
       0
       0
       0
       0
       0
       0
       0
       0
       0
       0
       0
       0
       0
       0
       0
       0
       1
       0
       0
       0
       0
       0
       0
       0
       0
       0
       0
       0
       0
       1
       0
       0
       0
       0
       0
       0
       0
       0
       0
       0
       0
       0
       0
       0
       0
       0
       0
       0
       0
       0
       0
       0
       0
       0
       0
       0
       0
       1
       0
       0
       0
       0
       1
       0
       0
       0
       0
       0
       0
       0
       1
       0
       0
       0
       0
       0
       0
       0
       0
       0
       0
       0
       0
       0
       0
       0
       0
       0
       0
       0
       0
       0
       0
       0
       0
       0
       0
       0
       0
       0
       0
       0
       0
       0
       0
       0
       0
       0
       0
       0
       0
       0
       0
       0
       0
       0
       0
       0
       0
       0
       0
       0
       0
       0
       0
       0
       0
       0
       0
       0
       0
       0
       0
       0
       0
       0
       0
       0
       0
       0
       0
       0
       0
       0
       0
       0
       0
       0
       0
       0
       0
       0
       0
       0
       0
       0
       0
       0
       0
       0
       0
       0
       0
       0
       0
$ROI:
1
328 427
$PRESETS:
Live Time
240
0
$ENER_FIT:
0.000000 0.000000
$MCA_CAL:
3
0.000000E+000 0.000000E+000 0.000000E+000 
$SHAPE_CAL:
3
0.000000E+000 0.000000E+000 0.000000E+000
