$SPEC_ID:
No sample description was entered.
$SPEC_REM:
DET# 3
DETDESC# WD011-05 Easy-MCA-8k SN 13260149
AP# Maestro Version 7.01
$DATE_MEA:
04/10/2017 12:55:11
$MEAS_TIM:
240 241
$DATA:
0 1023
       0
       0
       0
       0
       0
       0
       0
       0
       0
       0
       0
       0
       0
       0
       0
       0
       1
       0
      57
     643
     488
     390
     370
     362
     337
     321
     269
     241
     245
     270
     257
     240
     258
     223
     278
     278
     235
     259
     265
     253
     241
     281
     244
     262
     282
     257
     270
     238
     304
     251
     278
     273
     253
     271
     257
     246
     279
     296
     291
     260
     295
     283
     305
     303
     261
     305
     273
     276
     304
     262
     304
     273
     271
     263
     274
     279
     261
     259
     267
     264
     261
     237
     258
     299
     280
     271
     289
     259
     268
     300
     286
     278
     310
     320
     319
     315
     360
     322
     343
     312
     330
     316
     339
     324
     325
     306
     312
     312
     296
     285
     278
     260
     264
     303
     284
     286
     290
     249
     248
     267
     223
     242
     248
     229
     226
     243
     218
     218
     249
     196
     222
     251
     214
     235
     226
     205
     209
     198
     209
     181
     178
     169
     159
     169
     180
     186
     183
     167
     189
     175
     170
     170
     163
     158
     189
     167
     171
     155
     164
     165
     148
     153
     146
     127
     157
     131
     142
     161
     149
     123
     144
     143
     114
     137
     127
     139
     143
     133
     123
     145
     157
     126
     126
     121
     158
     129
     135
     127
     112
     112
     133
     137
     139
     125
     137
     144
     145
     138
     133
     129
     128
     148
     116
     107
     151
     132
     143
     140
     133
     159
     141
     114
     164
     147
     112
     128
     143
     126
     129
     141
     121
     140
     163
     124
     133
     139
     134
     128
     151
     139
     138
     123
     127
     127
     129
     146
     148
     161
     159
     145
     163
     147
     130
     151
     126
     152
     148
     133
     134
     144
     111
     141
     116
     101
     119
     112
     108
     108
     103
     100
      88
      97
      85
      94
      78
      66
      76
      74
      60
      55
      69
      55
      62
      59
      55
      42
      55
      48
      52
      43
      36
      43
      41
      47
      23
      38
      23
      37
      23
      32
      25
      31
      20
      27
      27
      20
      22
      25
      21
      14
      18
      15
       8
      14
      17
      19
      15
      15
       8
       7
      16
      20
      18
      11
       9
      13
      14
      15
      10
      15
      20
      14
      16
       7
      18
       8
      14
      17
      16
      18
      15
      20
      11
      19
      15
      14
      10
      16
      16
      27
      18
      26
      23
      24
      18
      23
      26
      33
      29
      30
      36
      50
      48
      37
      61
      50
      59
      54
      81
      77
      74
      94
      94
     103
     110
     124
     120
     137
     111
     137
     130
     172
     141
     157
     209
     180
     167
     167
     164
     175
     175
     171
     186
     149
     182
     194
     174
     163
     147
     164
     161
     140
     180
     139
     125
     116
     118
     108
     108
     105
      78
      86
      78
      70
      65
      70
      49
      42
      48
      45
      38
      36
      36
      25
      27
      27
      16
      21
      26
      12
      12
      13
      10
       7
       8
      11
       5
       4
       4
       1
       3
       2
       5
       1
       3
       2
       2
       1
       2
       0
       2
       2
       0
       1
       0
       1
       1
       0
       0
       0
       1
       2
       0
       0
       0
       1
       1
       0
       0
       0
       0
       1
       0
       0
       0
       0
       0
       0
       0
       0
       1
       1
       0
       0
       0
       0
       1
       1
       0
       1
       1
       0
       0
       0
       0
       0
       0
       0
       0
       0
       0
       0
       0
       0
       0
       0
       0
       0
       0
       0
       0
       0
       0
       0
       0
       0
       0
       0
       0
       0
       0
       0
       0
       0
       0
       0
       0
       0
       0
       0
       1
       0
       0
       1
       0
       1
       0
       0
       0
       0
       0
       0
       0
       0
       0
       0
       0
       1
       1
       0
       0
       0
       0
       0
       0
       0
       0
       0
       0
       0
       0
       0
       0
       1
       0
       0
       0
       0
       0
       0
       0
       0
       0
       0
       0
       0
       0
       0
       0
       0
       1
       1
       0
       1
       0
       1
       0
       0
       0
       1
       0
       0
       0
       0
       0
       1
       0
       0
       1
       0
       0
       0
       0
       0
       0
       0
       1
       0
       0
       0
       0
       0
       0
       0
       0
       0
       0
       0
       0
       0
       0
       0
       0
       0
       0
       0
       0
       0
       1
       0
       0
       0
       0
       0
       0
       0
       0
       0
       0
       0
       0
       0
       0
       0
       0
       0
       0
       0
       0
       0
       0
       0
       0
       0
       0
       0
       0
       0
       1
       0
       0
       0
       0
       0
       0
       0
       0
       0
       0
       0
       0
       1
       0
       0
       0
       0
       0
       0
       0
       0
       0
       0
       0
       0
       0
       1
       0
       0
       0
       0
       0
       0
       0
       0
       0
       0
       0
       0
       0
       0
       0
       0
       0
       0
       0
       0
       0
       0
       0
       0
       1
       1
       0
       0
       0
       0
       1
       0
       1
       0
       0
       0
       0
       0
       1
       0
       0
       0
       0
       0
       0
       0
       0
       0
       0
       0
       0
       0
       0
       0
       0
       0
       0
       0
       0
       0
       0
       0
       0
       0
       0
       0
       0
       0
       0
       0
       0
       0
       0
       0
       0
       0
       0
       0
       0
       0
       0
       0
       0
       0
       0
       1
       0
       0
       0
       0
       0
       0
       0
       0
       0
       0
       0
       0
       1
       0
       0
       0
       1
       0
       0
       0
       0
       0
       0
       0
       0
       0
       0
       0
       0
       0
       0
       0
       0
       0
       0
       0
       0
       0
       0
       0
       0
       0
       0
       0
       0
       0
       0
       0
       0
       0
       0
       0
       0
       0
       0
       0
       0
       0
       0
       0
       0
       0
       0
       0
       0
       0
       0
       0
       0
       0
       0
       0
       0
       0
       0
       0
       0
       0
       0
       0
       0
       0
       0
       0
       0
       0
       0
       0
       0
       0
       0
       0
       0
       0
       0
       0
       0
       0
       0
       0
       0
       1
       0
       0
       0
       0
       0
       0
       0
       0
       0
       0
       0
       0
       0
       0
       0
       0
       0
       0
       0
       0
       0
       1
       0
       0
       0
       0
       0
       0
       0
       1
       0
       0
       1
       0
       0
       0
       0
       1
       0
       0
       0
       0
       0
       0
       0
       0
       0
       0
       0
       0
       0
       0
       0
       0
       0
       0
       0
       0
       0
       0
       0
       0
       0
       0
       0
       0
       0
       0
       0
       0
       0
       0
       0
       0
       0
       0
       0
       0
       0
       0
       0
       0
       0
       0
       0
       0
       0
       0
       0
       0
       0
       0
       0
       0
       0
       0
       0
       0
       1
       0
       0
       0
       0
       0
       0
       0
       0
       0
       0
       0
       0
       0
       0
       0
       0
       0
       0
       0
       0
       0
       0
       0
       0
       0
       0
       0
       0
       0
       0
       0
       0
       0
       0
       0
       0
       0
       0
       0
       0
       0
       0
       0
       0
       0
       0
       0
       0
       0
       0
       0
       0
       0
       0
       0
       0
       0
       0
       0
       0
       0
$ROI:
1
328 427
$PRESETS:
Live Time
240
0
$ENER_FIT:
0.000000 0.000000
$MCA_CAL:
3
0.000000E+000 0.000000E+000 0.000000E+000 
$SHAPE_CAL:
3
0.000000E+000 0.000000E+000 0.000000E+000
