$SPEC_ID:
No sample description was entered.
$SPEC_REM:
DET# 3
DETDESC# WD011-05 Easy-MCA-8k SN 13260149
AP# Maestro Version 7.01
$DATE_MEA:
04/10/2017 13:15:09
$MEAS_TIM:
240 241
$DATA:
0 1023
       0
       0
       0
       0
       0
       0
       0
       0
       0
       0
       0
       0
       0
       0
       0
       0
       0
       0
      42
     612
     429
     360
     345
     318
     309
     261
     208
     230
     246
     229
     225
     200
     219
     247
     240
     222
     208
     232
     239
     233
     210
     229
     234
     248
     219
     224
     254
     243
     252
     273
     239
     214
     241
     259
     235
     235
     252
     227
     250
     264
     266
     263
     243
     266
     241
     274
     243
     260
     260
     254
     273
     256
     248
     247
     251
     239
     246
     239
     252
     209
     241
     258
     260
     240
     260
     227
     251
     269
     251
     290
     260
     283
     272
     251
     256
     311
     290
     262
     281
     298
     297
     296
     290
     280
     263
     265
     297
     272
     252
     247
     248
     234
     228
     206
     214
     220
     219
     221
     188
     205
     209
     217
     189
     220
     202
     186
     185
     196
     195
     178
     169
     168
     167
     180
     182
     143
     155
     154
     171
     150
     169
     142
     137
     146
     134
     158
     144
     124
     130
     148
     137
     129
     133
     106
     117
     137
     124
     122
     122
     121
     132
     125
     114
     106
     125
     110
     132
     128
     141
     130
     123
     131
     124
     107
     128
     117
     107
     110
     108
     118
     114
     105
     124
     105
     114
      97
     132
     115
      99
     127
     123
     131
     127
     113
     106
      98
     108
     120
      91
     112
      95
     102
     143
     125
     112
     118
     121
     121
     117
     108
     129
     130
     125
     120
     121
     105
     133
     123
     122
     118
     119
     111
     144
     123
     115
     130
     127
     132
     115
     149
     127
     121
     132
     131
     134
     117
     126
     115
     140
     138
     100
      89
     104
     112
      93
      98
     117
     112
     114
     104
     114
      68
     102
      73
      95
      63
      75
      66
      70
      60
      54
      57
      47
      52
      42
      37
      49
      43
      31
      23
      35
      36
      38
      35
      40
      27
      17
      23
      26
      28
      23
      22
      23
      20
      15
      20
      23
      24
      23
       9
      18
      17
       9
      16
      11
      14
      10
      17
      16
      18
       9
      11
       9
      14
      17
      15
      21
      10
      14
       8
      12
      19
      13
      10
       7
       8
      18
      13
      10
      11
      14
      10
      12
      16
      21
      15
      21
      12
      13
      16
      15
      16
      18
      20
      21
      27
      25
      28
      28
      35
      35
      33
      44
      45
      60
      60
      68
      46
      75
      69
      83
      92
     102
      89
     100
     116
     111
     112
     126
     131
     125
     131
     136
     148
     148
     141
     150
     157
     158
     148
     143
     148
     149
     153
     150
     143
     124
     144
     124
     110
     127
     118
      84
      92
     104
      95
      83
      83
      79
      81
      72
      67
      64
      54
      51
      43
      38
      34
      29
      23
      28
      33
      26
      22
      23
      12
      15
      12
      13
       8
       7
       3
       8
       7
       2
       2
       2
       5
       4
       1
       0
       1
       0
       3
       0
       1
       0
       0
       0
       0
       1
       1
       1
       1
       0
       0
       0
       0
       1
       0
       0
       0
       0
       0
       0
       0
       2
       1
       0
       0
       0
       0
       0
       0
       0
       0
       0
       0
       1
       0
       0
       0
       0
       0
       1
       0
       1
       0
       0
       0
       0
       0
       1
       0
       0
       1
       0
       1
       0
       0
       0
       0
       0
       0
       0
       1
       2
       0
       0
       1
       0
       0
       0
       0
       0
       0
       1
       0
       1
       0
       0
       0
       0
       0
       0
       1
       0
       0
       0
       0
       0
       0
       0
       0
       0
       1
       0
       0
       1
       0
       0
       0
       0
       0
       0
       0
       0
       1
       0
       0
       0
       0
       0
       0
       0
       0
       0
       0
       0
       1
       0
       0
       0
       0
       0
       0
       0
       0
       0
       0
       0
       0
       0
       0
       0
       1
       0
       0
       0
       0
       0
       0
       0
       0
       0
       0
       1
       0
       0
       0
       0
       0
       0
       0
       0
       1
       0
       0
       0
       0
       1
       0
       0
       0
       0
       0
       0
       1
       0
       0
       0
       0
       0
       0
       0
       0
       0
       0
       0
       0
       0
       0
       0
       0
       0
       0
       0
       0
       0
       0
       0
       0
       0
       1
       0
       0
       0
       0
       0
       0
       0
       0
       0
       0
       0
       0
       0
       0
       0
       0
       0
       0
       2
       0
       0
       0
       0
       1
       0
       0
       0
       0
       1
       0
       0
       0
       0
       1
       0
       0
       0
       0
       0
       0
       0
       0
       0
       0
       0
       0
       0
       0
       0
       0
       0
       0
       0
       0
       0
       0
       0
       0
       0
       0
       0
       0
       0
       1
       0
       0
       0
       0
       0
       0
       0
       0
       0
       0
       0
       0
       0
       0
       0
       0
       0
       0
       0
       0
       0
       0
       0
       1
       0
       0
       0
       0
       0
       0
       0
       0
       0
       0
       1
       0
       0
       0
       0
       0
       0
       0
       0
       0
       0
       0
       0
       2
       0
       0
       0
       0
       0
       0
       0
       0
       0
       1
       0
       0
       0
       0
       0
       0
       0
       0
       1
       0
       1
       0
       0
       0
       0
       0
       0
       1
       0
       0
       0
       0
       0
       0
       0
       0
       0
       0
       1
       0
       0
       0
       0
       0
       0
       0
       0
       0
       0
       0
       0
       0
       0
       0
       0
       1
       0
       0
       1
       0
       0
       0
       0
       0
       0
       0
       0
       0
       0
       0
       0
       0
       0
       0
       0
       0
       0
       0
       0
       0
       0
       0
       0
       0
       0
       1
       0
       0
       0
       0
       0
       0
       0
       0
       0
       0
       0
       0
       0
       0
       0
       0
       0
       0
       0
       0
       0
       0
       0
       0
       0
       0
       0
       0
       0
       0
       0
       0
       0
       0
       0
       0
       1
       0
       0
       0
       0
       0
       1
       0
       0
       0
       1
       0
       0
       0
       0
       0
       0
       0
       0
       0
       0
       0
       0
       1
       0
       0
       0
       0
       0
       0
       0
       0
       0
       0
       0
       0
       0
       0
       0
       0
       0
       1
       0
       0
       0
       0
       0
       0
       0
       0
       0
       0
       0
       0
       0
       0
       0
       0
       0
       0
       0
       0
       0
       0
       0
       0
       0
       0
       1
       0
       0
       0
       0
       0
       0
       0
       0
       0
       0
       0
       0
       0
       0
       0
       0
       0
       0
       0
       0
       0
       0
       0
       0
       0
       0
       0
       0
       0
       0
       0
       0
       0
       0
       0
       0
       0
       0
       0
       0
       0
       0
       0
       0
       0
       0
       0
       0
       0
       0
       0
       0
       0
       0
       0
       0
       0
       0
       0
       0
       0
       0
       0
       0
       0
       0
       0
       0
       0
       0
       0
       0
       0
       0
       0
       0
       0
       0
       0
       0
       0
       0
       0
       0
       0
       0
       0
       0
       0
       0
       0
       0
       0
       0
       0
       0
       0
       0
       0
       0
       0
       0
       0
       0
       0
       0
       0
$ROI:
1
328 427
$PRESETS:
Live Time
240
0
$ENER_FIT:
0.000000 0.000000
$MCA_CAL:
3
0.000000E+000 0.000000E+000 0.000000E+000 
$SHAPE_CAL:
3
0.000000E+000 0.000000E+000 0.000000E+000
