$SPEC_ID:
No sample description was entered.
$SPEC_REM:
DET# 3
DETDESC# WD011-05 Easy-MCA-8k SN 13260149
AP# Maestro Version 7.01
$DATE_MEA:
04/10/2017 12:34:23
$MEAS_TIM:
240 241
$DATA:
0 1023
       0
       0
       0
       0
       0
       0
       0
       0
       0
       0
       0
       0
       0
       0
       0
       0
       0
       0
      74
     798
     575
     405
     417
     376
     318
     324
     311
     290
     266
     245
     276
     255
     273
     256
     252
     263
     260
     243
     267
     279
     300
     266
     262
     287
     290
     281
     258
     258
     280
     284
     274
     291
     319
     305
     302
     280
     289
     297
     295
     306
     292
     300
     271
     285
     272
     291
     309
     295
     306
     300
     305
     251
     269
     284
     288
     230
     278
     272
     301
     290
     274
     279
     291
     264
     284
     256
     335
     307
     324
     307
     307
     303
     353
     306
     298
     328
     335
     348
     328
     335
     315
     317
     323
     353
     284
     289
     282
     297
     277
     294
     270
     276
     274
     250
     238
     246
     262
     250
     255
     215
     240
     219
     244
     251
     244
     225
     230
     231
     236
     202
     227
     204
     220
     226
     204
     230
     203
     195
     196
     210
     195
     172
     165
     196
     172
     177
     157
     171
     164
     171
     168
     174
     164
     146
     155
     154
     180
     141
     136
     159
     139
     157
     151
     152
     137
     165
     135
     142
     148
     156
     134
     138
     135
     156
     113
     134
     160
     145
     157
     132
     127
     134
     145
     121
     149
     135
     139
     144
     146
     135
     129
     150
     137
     137
     133
     150
     142
     169
     156
     132
     145
     138
     118
     144
     167
     150
     133
     152
     149
     152
     153
     163
     151
     130
     169
     142
     149
     157
     152
     142
     153
     161
     164
     137
     140
     169
     153
     145
     145
     137
     132
     138
     148
     148
     147
     126
     142
     135
     144
     125
     129
     126
     127
     130
     131
     127
      98
     110
     109
      92
     109
      91
      92
      92
      72
      77
      62
      79
      70
      65
      54
      57
      58
      47
      68
      57
      39
      40
      32
      48
      37
      33
      30
      34
      32
      28
      28
      28
      37
      24
      22
      17
      30
      22
      16
      24
      31
      22
      18
      17
      22
      18
      18
      22
      19
       9
      18
      16
       6
      11
      24
      11
       5
      12
      17
      11
      10
      12
       9
      17
      12
      12
       9
      20
       9
      21
      10
      10
      21
      14
      20
      24
      10
      24
      15
      20
      21
      20
      18
      24
      20
      29
      28
      40
      33
      39
      47
      45
      42
      46
      46
      59
      58
      77
      73
      89
      87
     101
     115
     108
     122
     107
     117
     127
     139
     126
     159
     163
     178
     164
     179
     173
     179
     185
     185
     203
     169
     178
     164
     177
     152
     178
     156
     176
     159
     159
     138
     125
     107
     124
     133
     126
      90
     105
      89
      69
      89
      74
      65
      71
      44
      57
      40
      52
      37
      40
      35
      23
      26
      25
      20
       9
      11
      11
       5
      11
       2
       7
       7
       6
       4
       4
       3
       6
       3
       0
       4
       2
       2
       0
       2
       1
       1
       2
       1
       2
       0
       0
       1
       2
       0
       0
       0
       0
       1
       0
       0
       0
       0
       0
       0
       0
       0
       0
       0
       0
       0
       0
       0
       0
       0
       0
       1
       1
       0
       0
       0
       0
       0
       0
       0
       0
       0
       0
       0
       0
       0
       0
       0
       0
       0
       0
       0
       0
       0
       0
       0
       0
       0
       0
       0
       0
       0
       0
       0
       0
       0
       1
       0
       1
       0
       0
       0
       0
       0
       0
       0
       1
       0
       1
       0
       0
       1
       0
       0
       0
       0
       1
       1
       0
       0
       0
       0
       1
       0
       0
       1
       0
       0
       1
       0
       1
       1
       0
       0
       0
       0
       0
       0
       0
       0
       0
       0
       0
       0
       0
       0
       0
       0
       0
       0
       0
       0
       0
       0
       0
       0
       0
       0
       0
       0
       0
       0
       0
       0
       0
       1
       0
       1
       0
       0
       0
       0
       0
       0
       0
       0
       0
       0
       0
       0
       0
       0
       0
       0
       0
       0
       1
       0
       0
       0
       0
       0
       0
       0
       0
       0
       0
       0
       0
       0
       0
       0
       0
       0
       0
       0
       0
       0
       2
       0
       0
       0
       0
       0
       0
       0
       0
       0
       1
       0
       0
       0
       0
       0
       0
       1
       0
       0
       0
       0
       0
       1
       0
       0
       0
       0
       0
       0
       0
       0
       0
       0
       0
       0
       0
       0
       0
       0
       0
       0
       0
       0
       0
       0
       1
       0
       1
       0
       1
       0
       1
       0
       0
       0
       0
       0
       1
       0
       0
       0
       0
       0
       0
       0
       0
       0
       1
       0
       0
       0
       0
       0
       0
       0
       1
       0
       0
       0
       0
       0
       0
       0
       0
       0
       0
       1
       0
       0
       0
       0
       0
       0
       0
       0
       0
       0
       0
       0
       0
       0
       0
       0
       0
       0
       0
       0
       0
       0
       0
       0
       0
       0
       0
       0
       0
       0
       0
       0
       0
       0
       0
       0
       0
       0
       0
       0
       0
       0
       0
       0
       0
       0
       0
       0
       0
       0
       0
       0
       0
       0
       0
       0
       0
       0
       0
       1
       0
       0
       0
       0
       0
       0
       0
       0
       0
       0
       0
       0
       0
       0
       0
       0
       0
       0
       0
       1
       0
       0
       1
       0
       0
       0
       0
       0
       0
       0
       0
       0
       0
       0
       0
       0
       0
       0
       0
       0
       0
       0
       0
       0
       0
       0
       0
       0
       0
       0
       0
       0
       0
       0
       0
       0
       0
       0
       0
       0
       0
       0
       0
       0
       0
       0
       0
       0
       0
       0
       0
       0
       0
       0
       0
       0
       0
       0
       0
       0
       0
       0
       0
       0
       0
       0
       0
       0
       0
       0
       0
       0
       0
       0
       0
       0
       0
       0
       0
       0
       0
       0
       0
       0
       0
       0
       0
       0
       0
       0
       0
       0
       0
       0
       0
       0
       0
       0
       0
       0
       0
       1
       0
       0
       0
       0
       0
       1
       0
       0
       0
       1
       0
       0
       0
       0
       0
       0
       0
       0
       0
       0
       0
       0
       0
       0
       0
       0
       0
       0
       0
       0
       0
       0
       0
       0
       0
       0
       0
       0
       0
       0
       0
       0
       0
       0
       0
       0
       0
       0
       0
       0
       0
       0
       0
       0
       0
       0
       0
       0
       0
       0
       0
       0
       0
       0
       0
       0
       0
       0
       0
       0
       0
       0
       0
       0
       0
       0
       0
       0
       0
       0
       0
       0
       0
       1
       0
       0
       0
       0
       0
       0
       0
       0
       0
       0
       0
       0
       0
       0
       0
       0
       0
       0
       0
       0
       0
       0
       0
       0
       0
       0
       0
       0
       0
       0
       0
       0
       0
       0
       0
       0
       0
       0
       0
       0
       0
       0
       0
       0
       0
       0
       0
       0
       0
       0
       0
       0
       0
       0
       0
       0
       0
       0
       0
       0
       0
       0
       0
       0
       0
       0
       0
       0
       0
       0
       0
$ROI:
1
318 411
$PRESETS:
Live Time
240
0
$ENER_FIT:
0.000000 0.000000
$MCA_CAL:
3
0.000000E+000 0.000000E+000 0.000000E+000 
$SHAPE_CAL:
3
0.000000E+000 0.000000E+000 0.000000E+000
