$SPEC_ID:
No sample description was entered.
$SPEC_REM:
DET# 3
DETDESC# WD011-05 Easy-MCA-8k SN 13260149
AP# Maestro Version 7.01
$DATE_MEA:
04/10/2017 12:49:00
$MEAS_TIM:
240 241
$DATA:
0 1023
       0
       0
       0
       0
       0
       0
       0
       0
       0
       0
       0
       0
       0
       0
       0
       0
       0
       0
      43
     677
     537
     489
     405
     343
     329
     302
     257
     287
     294
     278
     286
     244
     286
     284
     272
     260
     287
     266
     245
     277
     275
     267
     276
     275
     289
     239
     271
     291
     285
     259
     257
     326
     275
     266
     279
     258
     317
     254
     282
     271
     294
     288
     294
     299
     312
     324
     309
     293
     281
     297
     269
     277
     263
     266
     292
     271
     259
     253
     279
     290
     273
     333
     278
     287
     271
     282
     303
     294
     356
     295
     327
     338
     335
     366
     313
     325
     337
     310
     358
     340
     325
     356
     329
     301
     340
     303
     309
     283
     277
     289
     263
     259
     265
     276
     259
     260
     255
     279
     253
     278
     209
     236
     242
     257
     241
     227
     253
     220
     216
     245
     226
     224
     218
     205
     197
     197
     163
     199
     181
     171
     196
     181
     218
     180
     175
     156
     177
     143
     194
     141
     158
     152
     178
     159
     148
     174
     160
     146
     167
     140
     142
     150
     151
     154
     168
     156
     136
     132
     152
     102
     160
     147
     136
     138
     152
     142
     134
     126
     145
     145
     133
     150
     148
     147
     147
     143
     158
     131
     157
     143
     125
     123
     146
     137
     167
     133
     144
     135
     130
     166
     176
     130
     152
     130
     144
     161
     141
     153
     148
     141
     125
     162
     160
     124
     142
     169
     159
     156
     151
     164
     155
     153
     166
     169
     149
     148
     153
     149
     133
     160
     162
     157
     163
     158
     137
     148
     153
     139
     127
     144
     125
     148
     137
     116
     129
     109
     109
     117
     133
      99
     116
     102
      82
      78
      81
      89
      76
      75
      81
      83
      75
      59
      56
      50
      62
      50
      48
      57
      45
      45
      47
      49
      45
      32
      36
      38
      28
      38
      26
      31
      26
      28
      37
      19
      27
      18
      27
      20
      17
      27
      17
      23
      17
      20
      26
      14
      18
      13
      12
      20
      20
      15
      18
      17
      17
      13
       9
      15
      17
      22
      13
      11
       6
      18
      21
      20
      22
      19
      22
      14
      20
      14
      24
      12
      13
      14
      14
      21
      20
      28
      17
      32
      22
      30
      34
      32
      40
      32
      47
      41
      33
      55
      71
      76
      67
      71
      99
      84
      91
     108
      97
     114
     117
     135
     137
     111
     159
     164
     167
     133
     175
     171
     174
     165
     178
     178
     155
     188
     173
     201
     189
     175
     171
     162
     172
     150
     156
     137
     144
     155
     130
     126
     124
     126
     108
      73
      73
      69
      70
      67
      71
      65
      45
      57
      46
      45
      48
      38
      38
      29
      20
      16
      23
      10
      12
      12
      12
       7
      10
      11
       9
       6
       3
       5
       6
       1
       0
       1
       3
       4
       2
       2
       2
       0
       3
       2
       3
       0
       1
       0
       0
       0
       0
       0
       0
       0
       0
       0
       0
       0
       0
       0
       0
       0
       1
       0
       0
       0
       0
       0
       0
       0
       0
       0
       1
       0
       0
       0
       0
       0
       0
       2
       0
       1
       0
       0
       0
       0
       0
       0
       0
       0
       0
       0
       0
       0
       0
       0
       0
       1
       0
       0
       0
       0
       0
       0
       0
       0
       0
       0
       0
       0
       0
       0
       0
       1
       0
       0
       1
       0
       0
       0
       1
       0
       0
       0
       1
       0
       0
       0
       0
       0
       0
       0
       1
       0
       0
       0
       0
       0
       0
       0
       1
       0
       1
       1
       0
       0
       0
       0
       0
       0
       0
       0
       1
       0
       0
       0
       0
       0
       0
       0
       1
       0
       0
       0
       1
       0
       0
       0
       1
       0
       0
       1
       0
       0
       0
       0
       0
       0
       0
       1
       0
       0
       1
       0
       0
       0
       0
       0
       0
       0
       0
       0
       0
       1
       0
       0
       0
       0
       1
       0
       0
       0
       0
       0
       0
       0
       0
       0
       0
       0
       0
       0
       0
       0
       0
       0
       0
       0
       0
       0
       0
       0
       1
       0
       0
       0
       1
       0
       0
       0
       0
       0
       0
       0
       0
       0
       0
       0
       0
       0
       0
       0
       0
       1
       0
       0
       1
       0
       0
       0
       0
       0
       0
       0
       0
       0
       0
       0
       0
       0
       1
       0
       0
       0
       0
       0
       0
       0
       0
       1
       0
       0
       0
       0
       0
       0
       0
       0
       0
       1
       0
       0
       1
       0
       0
       0
       0
       0
       0
       1
       0
       0
       0
       0
       0
       0
       0
       0
       0
       0
       0
       0
       0
       1
       0
       0
       0
       0
       0
       1
       0
       0
       0
       0
       0
       0
       0
       0
       0
       0
       0
       0
       0
       1
       0
       1
       0
       0
       0
       0
       1
       0
       0
       0
       0
       0
       0
       0
       0
       0
       0
       1
       1
       0
       0
       0
       0
       0
       0
       0
       0
       0
       0
       0
       0
       0
       0
       0
       0
       0
       0
       0
       0
       0
       0
       0
       0
       0
       0
       0
       0
       0
       0
       0
       0
       0
       0
       0
       0
       0
       0
       0
       0
       0
       0
       0
       0
       0
       0
       0
       1
       0
       0
       0
       0
       0
       0
       0
       0
       1
       0
       0
       0
       0
       0
       0
       0
       0
       0
       0
       0
       0
       0
       0
       0
       0
       0
       0
       0
       0
       0
       0
       0
       0
       0
       0
       0
       0
       0
       0
       0
       0
       0
       0
       0
       0
       0
       0
       0
       0
       0
       0
       0
       0
       0
       0
       0
       0
       0
       0
       0
       0
       0
       0
       0
       0
       0
       0
       0
       0
       0
       0
       0
       0
       0
       0
       0
       0
       1
       0
       0
       1
       0
       0
       0
       0
       0
       0
       0
       0
       0
       0
       0
       0
       0
       0
       0
       0
       0
       0
       0
       0
       1
       0
       0
       0
       0
       0
       0
       0
       0
       0
       0
       0
       0
       0
       0
       0
       0
       0
       0
       0
       0
       0
       0
       0
       0
       0
       0
       0
       0
       1
       0
       0
       0
       0
       0
       0
       0
       0
       0
       0
       0
       0
       0
       0
       0
       0
       0
       0
       0
       0
       0
       0
       0
       0
       0
       0
       0
       0
       0
       0
       0
       0
       0
       0
       0
       0
       0
       0
       0
       0
       0
       0
       0
       0
       0
       0
       0
       0
       0
       0
       0
       0
       0
       0
       0
       0
       0
       0
       0
       0
       0
       0
       0
       0
       0
       0
       0
       0
       0
       0
       0
       0
       1
       0
       0
       0
       0
       0
       0
       0
       0
       0
       0
       0
       0
       0
       0
       0
       0
       0
       0
       0
       0
       0
       0
       0
       0
       0
       0
       0
       0
       0
       0
       0
       0
       0
       0
       0
       0
       0
       0
       0
       0
       0
       0
       0
       0
       0
       0
       0
$ROI:
1
318 411
$PRESETS:
Live Time
240
0
$ENER_FIT:
0.000000 0.000000
$MCA_CAL:
3
0.000000E+000 0.000000E+000 0.000000E+000 
$SHAPE_CAL:
3
0.000000E+000 0.000000E+000 0.000000E+000
