$SPEC_ID:
No sample description was entered.
$SPEC_REM:
DET# 3
DETDESC# WD011-05 Easy-MCA-8k SN 13260149
AP# Maestro Version 7.01
$DATE_MEA:
04/10/2017 13:23:54
$MEAS_TIM:
1800 1808
$DATA:
0 1023
       0
       0
       0
       0
       0
       0
       0
       0
       0
       0
       0
       0
       0
       0
       0
       0
       0
       0
     143
    1476
     540
     216
     124
      93
      81
      67
      63
      57
      49
      74
      55
      55
      56
      65
      66
      76
      65
      77
      83
      83
      65
      81
      81
      89
      86
      64
      93
      87
     100
     102
      94
      84
      72
      88
      96
      74
      73
      94
      87
      81
      79
      82
      73
      79
      75
      73
      79
      78
      60
      65
      78
      76
      58
      77
      66
      66
      66
      60
      65
      64
      60
      45
      58
      41
      61
      51
      47
      41
      52
      47
      40
      46
      40
      52
      52
      53
      43
      33
      36
      41
      32
      43
      45
      24
      28
      27
      40
      27
      22
      29
      32
      32
      25
      27
      29
      20
      24
      15
      25
      19
      28
      18
      21
      13
       9
      15
      15
      16
      13
      11
      17
      22
      17
      14
      17
      14
      13
      17
      13
      15
      12
      16
      11
       8
      10
       7
      12
      13
       9
      10
      11
       8
      13
       8
       5
      11
      10
       5
       3
      12
       7
       7
       9
       8
       6
      11
       9
      10
      13
       9
       8
       8
      12
      10
       6
       9
       6
       6
       5
       2
       6
      10
       6
       9
       6
       4
       4
       1
       7
       4
       5
       8
       5
       2
       5
       9
       3
       3
       2
       3
       8
       6
       6
       3
       2
       3
       5
       3
       2
       4
       4
       2
       5
       2
       7
       3
       4
       5
       6
       2
       5
       4
       1
       4
       2
       4
       4
       6
       5
       1
       3
       4
       2
       4
       4
       2
       1
       2
       3
       3
       3
       2
       2
       2
       5
       2
       4
       6
       2
       4
       0
       3
       4
       0
       8
       3
       6
       2
       0
       3
       4
       2
       4
       1
       4
       2
       4
       4
       2
       2
       1
       3
       3
       1
       3
       1
       2
       1
       3
       3
       5
       4
       2
       4
       4
       2
       4
       3
       6
       0
       2
       2
       1
       3
       2
       4
       2
       4
       3
       0
       3
       4
       2
       2
       3
       5
       1
       4
       0
       0
       2
       2
       1
       1
       1
       3
       3
       1
       2
       5
       2
       1
       2
       4
       3
       4
       3
       3
       5
       2
       2
       4
       2
       1
       1
       4
       1
       6
       3
       1
       2
       4
       4
       4
       3
       1
       1
       2
       4
       1
       1
       1
       3
       1
       2
       2
       6
       2
       1
       1
       2
       5
       2
       1
       4
       1
       3
       2
       2
       3
       1
       2
       1
       3
       3
       0
       5
       3
       2
       4
       5
       3
       1
       1
       3
       0
       1
       2
       1
       0
       1
       3
       2
       0
       1
       4
       3
       3
       3
       1
       0
       1
       2
       2
       0
       2
       1
       1
       1
       2
       2
       2
       1
       0
       1
       3
       0
       3
       0
       2
       4
       1
       1
       2
       2
       1
       0
       1
       3
       2
       1
       2
       1
       1
       0
       1
       2
       0
       1
       2
       1
       0
       0
       0
       1
       1
       2
       1
       4
       1
       1
       2
       1
       4
       2
       3
       2
       1
       0
       2
       0
       0
       3
       2
       0
       0
       0
       1
       0
       1
       1
       0
       1
       2
       3
       0
       0
       1
       0
       2
       0
       2
       2
       3
       2
       2
       1
       1
       1
       0
       1
       1
       2
       1
       1
       2
       0
       1
       0
       1
       2
       1
       5
       2
       2
       0
       0
       3
       1
       1
       2
       1
       3
       3
       1
       2
       3
       0
       1
       0
       2
       2
       0
       2
       0
       0
       1
       1
       1
       0
       1
       2
       1
       1
       2
       0
       0
       1
       2
       0
       1
       0
       2
       2
       1
       1
       0
       1
       0
       2
       1
       2
       1
       2
       0
       1
       0
       1
       0
       1
       1
       1
       0
       0
       3
       2
       1
       2
       3
       1
       2
       0
       1
       1
       0
       2
       1
       1
       1
       2
       1
       2
       2
       1
       1
       0
       1
       1
       1
       1
       1
       1
       1
       1
       2
       1
       1
       0
       1
       1
       0
       1
       1
       1
       0
       2
       1
       1
       1
       0
       0
       1
       0
       0
       0
       0
       0
       1
       0
       0
       0
       0
       1
       2
       1
       2
       0
       0
       2
       0
       0
       1
       0
       0
       2
       2
       0
       1
       2
       1
       2
       1
       2
       0
       0
       0
       2
       1
       2
       2
       3
       0
       0
       1
       1
       1
       0
       2
       0
       1
       1
       1
       0
       0
       0
       0
       2
       1
       2
       0
       0
       0
       0
       0
       0
       1
       0
       1
       0
       0
       0
       0
       0
       0
       2
       0
       0
       1
       1
       0
       0
       0
       1
       0
       0
       1
       0
       0
       1
       0
       1
       1
       0
       4
       0
       0
       0
       1
       0
       0
       1
       1
       0
       0
       0
       1
       1
       2
       0
       0
       1
       1
       2
       2
       0
       1
       0
       0
       0
       1
       1
       0
       1
       3
       1
       1
       2
       0
       1
       0
       0
       0
       1
       0
       3
       0
       1
       1
       0
       0
       0
       1
       1
       0
       1
       0
       1
       1
       0
       1
       0
       1
       0
       1
       1
       0
       1
       0
       0
       0
       0
       0
       0
       0
       0
       1
       1
       3
       1
       0
       0
       0
       0
       2
       0
       0
       1
       0
       0
       1
       1
       0
       0
       0
       2
       0
       0
       0
       2
       0
       0
       1
       0
       0
       0
       0
       0
       0
       1
       1
       0
       0
       0
       1
       1
       0
       0
       1
       1
       0
       1
       0
       0
       0
       0
       0
       1
       0
       0
       0
       0
       0
       1
       0
       0
       0
       0
       0
       1
       0
       0
       0
       0
       0
       1
       0
       0
       0
       1
       0
       1
       1
       0
       0
       0
       0
       0
       0
       0
       0
       0
       1
       0
       0
       0
       1
       0
       0
       0
       0
       1
       0
       1
       0
       0
       1
       0
       0
       0
       0
       0
       0
       1
       0
       0
       0
       0
       0
       0
       1
       0
       0
       0
       1
       0
       0
       1
       0
       0
       0
       1
       1
       0
       0
       1
       1
       0
       1
       0
       0
       1
       1
       0
       1
       0
       0
       1
       0
       0
       0
       0
       0
       1
       1
       0
       0
       1
       1
       0
       1
       1
       1
       0
       2
       0
       0
       0
       0
       0
       0
       0
       2
       0
       0
       0
       0
       0
       0
       0
       0
       1
       1
       1
       0
       0
       0
       0
       0
       0
       0
       0
       0
       1
       0
       0
       0
       0
       0
       1
       0
       0
       0
       0
       0
       1
       0
       0
       0
       0
       0
       0
       0
       0
       0
       0
       1
       0
       0
       0
       0
       0
       0
       0
       0
       0
       0
       0
       0
       0
       0
       0
       0
       0
       0
       0
       0
       0
       0
       0
       0
       0
       0
       0
       0
       0
       0
       0
       0
       0
       0
       0
       0
       0
       0
$ROI:
0
$PRESETS:
Live Time
1800
0
$ENER_FIT:
0.000000 0.000000
$MCA_CAL:
3
0.000000E+000 0.000000E+000 0.000000E+000 
$SHAPE_CAL:
3
0.000000E+000 0.000000E+000 0.000000E+000
