$SPEC_ID:
No sample description was entered.
$SPEC_REM:
DET# 17
DETDESC# WD011-05 Easy-MCA-8k SN 13260149
AP# Maestro Version 7.01
$DATE_MEA:
04/25/2017 14:22:37
$MEAS_TIM:
240 241
$DATA:
0 1023
       0
       0
       0
       0
       0
       0
       0
       0
       0
       0
       0
       0
       0
       0
       0
       0
       0
       0
       0
       0
      49
     466
     355
     278
     237
     236
     223
     211
     207
     222
     227
     194
     210
     198
     217
     203
     197
     220
     220
     202
     198
     205
     204
     228
     186
     204
     220
     211
     227
     203
     196
     240
     220
     222
     217
     235
     258
     232
     254
     225
     246
     239
     239
     260
     228
     226
     241
     229
     241
     216
     240
     253
     204
     204
     244
     238
     211
     235
     226
     205
     224
     205
     237
     246
     245
     238
     260
     241
     255
     285
     276
     280
     252
     257
     236
     252
     268
     285
     254
     241
     245
     246
     244
     260
     224
     247
     226
     208
     217
     179
     244
     216
     172
     200
     196
     192
     199
     187
     197
     177
     176
     181
     167
     152
     153
     155
     149
     161
     152
     160
     136
     137
     155
     162
     166
     137
     147
     155
     151
     150
     146
     118
     136
     142
     137
     124
     130
     128
     126
     121
     118
     118
     114
     129
     126
     113
     121
     125
     119
     111
     107
     119
     116
     106
     106
     107
     116
     110
     117
     109
     100
     114
     114
     106
     104
      78
      98
     109
     111
     119
     102
     107
     105
      96
     123
     118
     110
      98
     116
     108
     111
     116
     122
     114
     132
     111
     115
     131
     109
     116
     125
     112
     105
     105
     104
     104
     111
      96
     101
     101
      99
     122
     121
     111
     108
     112
     106
     106
     113
     124
     129
     104
     116
     120
     102
     105
     115
     115
     109
     112
     112
      87
     101
      89
      81
      91
      94
      73
      78
      75
      58
      73
      67
      69
      46
      50
      55
      49
      48
      56
      37
      42
      42
      39
      42
      27
      38
      31
      26
      29
      28
      24
      25
      19
      24
      18
      19
      29
      15
      19
      22
      19
      25
      22
      13
      14
      11
      13
      10
      15
      14
      17
      12
      11
      17
       8
       9
       9
      10
       7
      10
       9
      11
       9
      12
      15
      10
      13
       5
      11
      12
      11
      14
      15
       9
      14
      14
      12
      19
      11
      11
      12
      20
      18
      19
      12
      17
      26
      30
      28
      36
      40
      25
      37
      34
      35
      72
      54
      55
      60
      61
      73
      80
      87
      87
     104
      84
      79
      97
      87
     128
     116
     122
     115
     122
     111
     119
     126
     135
     133
     121
     136
     136
     122
     118
     116
     110
      97
     119
     116
      95
      97
     111
      93
      59
     108
      86
      62
      72
      66
      64
      60
      73
      40
      44
      37
      32
      24
      34
      21
      22
      16
      18
      13
      18
      13
      11
       8
      10
       9
       4
       7
       5
       4
       2
       4
       6
       0
       3
       5
       2
       1
       1
       1
       1
       1
       1
       1
       2
       2
       0
       0
       0
       1
       0
       0
       0
       0
       0
       1
       1
       0
       0
       0
       0
       1
       0
       0
       0
       0
       0
       0
       1
       0
       0
       0
       0
       0
       0
       1
       1
       0
       0
       0
       0
       1
       0
       0
       0
       0
       1
       0
       0
       2
       0
       1
       0
       0
       0
       1
       0
       0
       0
       0
       0
       0
       0
       0
       0
       0
       0
       0
       0
       0
       0
       0
       0
       0
       0
       0
       0
       0
       0
       1
       0
       0
       0
       1
       0
       0
       0
       0
       0
       0
       0
       0
       0
       0
       0
       0
       0
       0
       0
       0
       0
       0
       0
       0
       0
       0
       0
       1
       0
       0
       1
       0
       0
       0
       0
       0
       0
       0
       0
       1
       0
       0
       0
       1
       0
       2
       0
       0
       0
       0
       0
       0
       0
       1
       0
       0
       0
       0
       0
       0
       0
       0
       0
       0
       0
       0
       0
       0
       0
       0
       0
       0
       0
       0
       0
       0
       0
       0
       0
       0
       1
       0
       0
       0
       0
       0
       0
       0
       0
       0
       0
       0
       0
       0
       0
       0
       0
       0
       0
       0
       1
       1
       0
       0
       0
       0
       0
       0
       0
       0
       0
       0
       0
       0
       1
       0
       0
       0
       0
       0
       0
       1
       0
       0
       0
       1
       0
       1
       0
       0
       0
       0
       0
       0
       0
       0
       0
       0
       0
       0
       0
       0
       0
       0
       0
       0
       0
       0
       0
       1
       0
       0
       0
       0
       0
       0
       0
       0
       0
       1
       1
       0
       0
       0
       0
       0
       0
       0
       0
       0
       1
       0
       0
       0
       0
       0
       0
       0
       0
       0
       0
       0
       0
       0
       1
       0
       0
       0
       0
       0
       0
       0
       0
       0
       1
       1
       0
       0
       0
       0
       0
       0
       0
       0
       0
       0
       0
       0
       0
       0
       0
       0
       0
       0
       0
       0
       0
       0
       0
       0
       0
       0
       0
       0
       0
       0
       0
       1
       0
       0
       0
       0
       0
       0
       0
       0
       0
       0
       0
       0
       0
       0
       0
       0
       0
       0
       0
       0
       0
       0
       0
       0
       0
       0
       0
       0
       0
       0
       0
       0
       0
       0
       0
       0
       0
       1
       0
       0
       0
       0
       0
       1
       0
       0
       0
       0
       0
       0
       0
       0
       0
       1
       0
       0
       0
       0
       0
       0
       0
       0
       0
       0
       0
       0
       0
       0
       1
       0
       0
       0
       0
       0
       0
       0
       0
       0
       0
       0
       0
       0
       0
       0
       0
       0
       0
       0
       0
       0
       0
       0
       0
       0
       0
       0
       0
       0
       0
       0
       0
       1
       0
       0
       0
       0
       0
       0
       0
       0
       0
       0
       0
       0
       0
       0
       0
       0
       0
       0
       0
       0
       0
       0
       0
       0
       0
       0
       0
       0
       0
       0
       0
       0
       0
       0
       0
       0
       0
       1
       0
       0
       0
       0
       0
       0
       0
       0
       0
       0
       0
       0
       0
       1
       0
       0
       0
       0
       0
       1
       0
       0
       0
       0
       0
       0
       0
       0
       0
       0
       0
       0
       0
       0
       0
       0
       0
       0
       0
       0
       0
       0
       0
       0
       0
       0
       0
       0
       0
       0
       0
       0
       0
       0
       0
       0
       0
       0
       0
       0
       0
       0
       0
       0
       0
       0
       0
       0
       0
       0
       0
       0
       0
       0
       0
       0
       0
       0
       0
       0
       1
       0
       0
       0
       0
       0
       0
       0
       0
       0
       0
       0
       0
       0
       0
       0
       0
       0
       0
       0
       0
       0
       0
       0
       0
       0
       0
       0
       0
       0
       0
       0
       0
       0
       0
       0
       1
       0
       0
       0
       0
       0
       0
       0
       0
       0
       0
       0
       0
       0
       0
       0
       0
       0
       0
       0
       0
       0
       0
       0
       0
       0
       0
       0
       0
       0
       0
       0
       0
       1
       0
       0
       0
       0
       0
       0
       0
       0
       0
       0
       0
       0
       0
       0
       0
       0
       0
       0
       0
       0
       0
       0
$ROI:
2
276 396
803 817
$PRESETS:
Live Time
240
0
$ENER_FIT:
0.000000 0.000000
$MCA_CAL:
3
0.000000E+000 0.000000E+000 0.000000E+000 
$SHAPE_CAL:
3
0.000000E+000 0.000000E+000 0.000000E+000
