$SPEC_ID:
No sample description was entered.
$SPEC_REM:
DET# 17
DETDESC# WD011-05 Easy-MCA-8k SN 13260149
AP# Maestro Version 7.01
$DATE_MEA:
04/25/2017 14:41:06
$MEAS_TIM:
240 241
$DATA:
0 1023
       0
       0
       0
       0
       0
       0
       0
       0
       0
       0
       0
       0
       0
       0
       0
       0
       0
       0
       0
       0
      56
     510
     425
     334
     318
     313
     294
     252
     274
     252
     254
     244
     271
     258
     237
     249
     231
     269
     256
     231
     238
     277
     287
     250
     267
     259
     245
     261
     261
     255
     289
     268
     293
     299
     282
     264
     256
     265
     281
     272
     302
     253
     283
     301
     245
     293
     300
     307
     250
     298
     287
     275
     291
     256
     277
     246
     243
     278
     242
     258
     249
     268
     237
     259
     270
     296
     290
     282
     283
     280
     294
     282
     306
     271
     321
     350
     301
     336
     359
     340
     320
     328
     315
     298
     333
     309
     320
     295
     290
     275
     295
     273
     292
     269
     281
     250
     309
     247
     245
     244
     234
     264
     260
     202
     230
     248
     258
     223
     238
     218
     206
     201
     222
     230
     200
     219
     177
     200
     217
     194
     196
     203
     180
     193
     199
     169
     183
     172
     147
     173
     150
     165
     161
     158
     161
     146
     163
     166
     132
     155
     154
     144
     151
     165
     151
     135
     146
     151
     142
     149
     155
     138
     133
     147
     156
     152
     125
     139
     140
     129
     168
     140
     136
     144
     144
     146
     137
     152
     149
     115
     131
     135
     126
     126
     130
     132
     176
     125
     153
     150
     128
     144
     148
     164
     139
     139
     118
     125
     127
     147
      98
     137
     145
     150
     145
     163
     149
     164
     118
     142
     150
     159
     133
     125
     137
     136
     154
     128
     114
     140
     163
     154
     154
     157
     134
     149
     145
     130
     127
     157
     128
     144
     143
     134
     144
     135
     130
     119
     136
     138
     130
     120
     121
     127
     109
      99
     112
      98
      99
      79
      91
      87
      86
      68
      65
      77
      77
      85
      70
      60
      50
      52
      54
      46
      46
      53
      35
      44
      40
      43
      35
      31
      38
      30
      32
      26
      27
      20
      32
      30
      32
      18
      21
      19
      18
      13
      21
      16
      17
      20
      12
      19
      15
      17
      19
      20
      17
      15
      19
      10
       8
      13
       8
      11
      18
      12
      15
      12
      12
      11
      18
      12
      10
       8
      10
      17
      16
      14
      12
       9
      16
      15
      15
      17
      11
      17
      15
      25
      26
      23
      22
      23
      21
      37
      28
      32
      28
      45
      35
      35
      51
      46
      55
      51
      66
      64
      94
      89
     102
      97
     115
      97
     120
     133
     142
     120
     152
     168
     144
     166
     139
     164
     165
     162
     197
     162
     177
     156
     174
     172
     200
     165
     185
     145
     158
     168
     140
     160
     158
     128
     114
     103
     127
     108
      92
     114
      85
      85
      72
      71
      69
      74
      64
      57
      51
      38
      36
      36
      26
      26
      21
      21
      15
      18
      14
      10
      11
      12
       6
       7
       5
       3
       1
       6
       4
       5
       3
       7
       1
       1
       3
       1
       1
       1
       1
       3
       1
       1
       0
       3
       1
       0
       0
       0
       1
       1
       0
       0
       0
       0
       0
       0
       0
       1
       0
       0
       0
       0
       0
       0
       1
       0
       0
       0
       0
       1
       0
       0
       0
       0
       1
       0
       0
       1
       1
       1
       0
       0
       0
       0
       0
       0
       0
       0
       0
       0
       0
       0
       0
       0
       0
       0
       0
       0
       0
       0
       0
       0
       1
       0
       0
       1
       0
       0
       0
       0
       1
       1
       0
       0
       0
       0
       0
       0
       0
       0
       0
       0
       0
       0
       1
       1
       0
       0
       0
       0
       0
       0
       0
       0
       0
       0
       0
       0
       0
       0
       0
       0
       0
       0
       1
       1
       0
       0
       0
       0
       0
       0
       0
       0
       0
       0
       0
       1
       1
       0
       0
       0
       0
       0
       0
       0
       0
       0
       0
       0
       0
       0
       0
       0
       0
       0
       0
       1
       0
       0
       0
       0
       0
       0
       0
       0
       0
       1
       0
       0
       0
       0
       0
       0
       0
       0
       0
       0
       0
       0
       0
       0
       0
       0
       0
       0
       0
       0
       0
       0
       0
       0
       1
       0
       0
       1
       0
       1
       0
       0
       0
       1
       0
       0
       0
       0
       0
       0
       0
       0
       0
       1
       0
       0
       0
       0
       0
       0
       0
       1
       0
       0
       0
       0
       0
       0
       0
       0
       0
       0
       0
       0
       0
       1
       0
       0
       0
       1
       0
       0
       1
       0
       0
       1
       0
       0
       0
       0
       0
       0
       0
       0
       1
       0
       0
       0
       1
       0
       0
       0
       0
       0
       0
       0
       0
       0
       0
       0
       0
       0
       0
       0
       0
       0
       0
       0
       0
       0
       0
       0
       0
       0
       0
       0
       0
       0
       0
       0
       0
       0
       0
       0
       0
       0
       0
       0
       0
       0
       0
       0
       0
       0
       0
       0
       0
       1
       0
       0
       0
       0
       0
       0
       0
       0
       0
       0
       0
       0
       0
       0
       0
       0
       0
       0
       0
       1
       0
       0
       0
       0
       0
       0
       0
       0
       0
       0
       0
       0
       0
       0
       0
       0
       0
       0
       0
       0
       0
       0
       1
       0
       0
       0
       1
       0
       0
       0
       0
       0
       0
       0
       0
       0
       0
       0
       0
       0
       0
       0
       0
       0
       0
       0
       1
       0
       0
       0
       0
       0
       0
       0
       1
       0
       0
       0
       0
       0
       0
       0
       0
       0
       0
       0
       0
       0
       0
       0
       0
       0
       0
       0
       0
       0
       0
       0
       0
       0
       0
       0
       0
       0
       0
       0
       0
       0
       0
       0
       0
       0
       0
       0
       0
       0
       0
       0
       0
       0
       0
       0
       0
       0
       0
       0
       0
       0
       0
       0
       0
       0
       0
       0
       0
       0
       0
       0
       0
       0
       0
       0
       0
       0
       0
       0
       1
       0
       0
       0
       0
       0
       0
       0
       0
       0
       0
       0
       0
       0
       0
       0
       0
       0
       0
       1
       0
       0
       0
       0
       0
       0
       0
       0
       0
       0
       0
       0
       0
       0
       0
       0
       1
       0
       0
       0
       0
       0
       0
       0
       0
       0
       0
       0
       0
       0
       0
       0
       0
       0
       0
       0
       0
       0
       0
       0
       0
       0
       1
       0
       0
       1
       0
       0
       0
       0
       0
       0
       0
       0
       0
       0
       0
       0
       0
       0
       0
       0
       0
       0
       0
       0
       0
       0
       0
       0
       0
       0
       0
       0
       0
       0
       0
       0
       0
       0
       0
       0
       0
       0
       0
       0
       0
       0
       0
       1
       0
       0
       0
       0
       0
       0
       0
       0
       0
       0
       0
       0
       0
       0
       0
       0
       0
       0
       0
       1
       0
       0
       0
       0
       0
       0
       0
       0
       0
       0
       0
       0
       0
       0
       0
       0
       0
       0
       0
       0
       0
       0
       0
       0
       0
       0
$ROI:
2
315 429
803 817
$PRESETS:
Live Time
240
0
$ENER_FIT:
0.000000 0.000000
$MCA_CAL:
3
0.000000E+000 0.000000E+000 0.000000E+000 
$SHAPE_CAL:
3
0.000000E+000 0.000000E+000 0.000000E+000
