$SPEC_ID:
No sample description was entered.
$SPEC_REM:
DET# 17
DETDESC# WD011-05 Easy-MCA-8k SN 13260149
AP# Maestro Version 7.01
$DATE_MEA:
04/25/2017 14:29:02
$MEAS_TIM:
240 241
$DATA:
0 1023
       0
       0
       0
       0
       0
       0
       0
       0
       0
       0
       0
       0
       0
       0
       0
       0
       0
       0
       0
       0
      53
     601
     393
     367
     359
     297
     306
     282
     296
     278
     259
     252
     275
     279
     269
     270
     256
     263
     248
     293
     270
     271
     233
     267
     275
     285
     269
     264
     260
     273
     283
     250
     248
     232
     307
     261
     314
     256
     258
     277
     252
     280
     266
     277
     253
     268
     318
     275
     273
     310
     265
     264
     274
     291
     304
     291
     243
     302
     272
     290
     255
     259
     245
     267
     267
     306
     272
     260
     290
     270
     277
     300
     307
     342
     297
     323
     341
     374
     317
     358
     312
     313
     321
     335
     315
     305
     300
     270
     299
     305
     279
     278
     281
     281
     276
     259
     268
     286
     259
     245
     242
     239
     249
     234
     255
     218
     228
     253
     224
     242
     215
     226
     204
     241
     198
     210
     209
     218
     207
     189
     200
     167
     211
     165
     168
     189
     158
     175
     159
     192
     186
     180
     144
     135
     140
     171
     160
     170
     173
     171
     146
     136
     163
     148
     142
     128
     126
     120
     148
     140
     156
     135
     149
     129
     146
     161
     131
     139
     139
     149
     146
     139
     123
     127
     126
     145
     115
     131
     118
     145
     148
     111
     131
     119
     125
     144
     134
     129
     129
     124
     143
     133
     138
     141
     122
     153
     136
     149
     146
     141
     123
     145
     144
     126
     149
     130
     124
     154
     137
     173
     142
     125
     140
     163
     121
     159
     126
     155
     142
     133
     172
     141
     144
     141
     146
     141
     147
     145
     123
     135
     132
     137
     147
     145
     126
     142
     137
     132
     127
     136
     136
     119
     152
     118
     122
     124
     120
     115
     111
     100
     114
      97
      70
      84
      90
      84
      62
      74
      71
      69
      83
      47
      54
      59
      35
      46
      40
      44
      37
      45
      43
      39
      42
      23
      32
      41
      38
      40
      19
      35
      30
      26
      33
      25
      25
      25
      20
      22
      24
      26
      25
      17
      16
      17
      16
      20
      18
      22
      15
      13
      19
      16
      16
      13
      17
      16
       8
      13
      19
      19
      13
       8
      16
      14
      16
      15
      13
      10
      14
      10
      10
      14
      13
      10
      15
      15
      18
      12
      22
      18
      25
      19
      10
      18
      21
      26
      42
      32
      35
      37
      41
      41
      42
      56
      57
      59
      61
      60
      85
      68
      84
     103
     107
     114
     120
     123
     130
     120
     129
     157
     139
     146
     151
     156
     189
     168
     193
     170
     167
     189
     173
     189
     155
     181
     176
     172
     179
     180
     155
     181
     132
     152
     151
     161
     119
     133
     119
      94
      91
      87
      94
      87
      73
      68
      72
      75
      53
      38
      35
      38
      34
      29
      33
      33
      19
      20
      20
      17
      12
      17
       9
       9
      13
       8
       5
       6
       5
       6
       1
       2
       3
       3
       2
       0
       1
       4
       2
       0
       1
       1
       2
       1
       0
       0
       0
       2
       0
       0
       1
       0
       0
       0
       0
       0
       0
       0
       0
       0
       0
       0
       0
       0
       0
       0
       0
       0
       1
       0
       2
       0
       0
       0
       0
       0
       0
       0
       0
       0
       0
       1
       1
       0
       0
       0
       0
       0
       0
       1
       0
       0
       0
       0
       0
       2
       0
       0
       0
       0
       0
       0
       0
       0
       0
       0
       0
       0
       0
       0
       0
       0
       1
       1
       0
       0
       0
       0
       0
       0
       1
       2
       0
       0
       0
       0
       1
       0
       1
       0
       0
       0
       0
       0
       0
       0
       1
       1
       0
       0
       0
       0
       1
       1
       0
       0
       0
       1
       0
       0
       0
       0
       0
       0
       0
       0
       0
       0
       0
       0
       0
       0
       1
       0
       0
       0
       0
       0
       0
       2
       0
       0
       0
       0
       0
       0
       1
       0
       0
       0
       0
       0
       0
       0
       1
       0
       0
       0
       0
       0
       0
       0
       0
       0
       0
       0
       0
       0
       0
       0
       0
       0
       0
       1
       0
       0
       0
       0
       0
       1
       0
       0
       0
       0
       1
       0
       0
       0
       1
       0
       0
       0
       0
       0
       0
       0
       0
       0
       0
       0
       0
       0
       0
       0
       0
       0
       0
       0
       0
       0
       0
       0
       0
       0
       0
       0
       0
       0
       0
       0
       0
       0
       0
       1
       0
       0
       0
       0
       0
       0
       0
       0
       0
       0
       0
       0
       0
       0
       0
       0
       0
       1
       0
       0
       0
       0
       0
       0
       0
       0
       0
       0
       0
       0
       0
       0
       0
       0
       0
       0
       0
       0
       1
       0
       0
       0
       0
       0
       1
       0
       0
       0
       0
       0
       0
       0
       0
       0
       0
       0
       0
       0
       0
       0
       0
       0
       0
       0
       0
       0
       0
       0
       0
       0
       0
       0
       0
       0
       0
       0
       0
       0
       0
       0
       0
       0
       0
       0
       0
       0
       0
       0
       0
       0
       0
       1
       0
       0
       0
       0
       0
       0
       0
       0
       0
       0
       0
       0
       0
       0
       0
       0
       0
       0
       0
       0
       0
       0
       0
       1
       0
       0
       0
       0
       0
       0
       0
       0
       0
       0
       0
       0
       0
       0
       0
       0
       0
       0
       0
       0
       0
       0
       0
       0
       0
       0
       0
       1
       0
       0
       0
       0
       0
       0
       0
       0
       0
       0
       0
       0
       0
       0
       0
       0
       0
       0
       0
       0
       0
       0
       0
       0
       0
       0
       0
       0
       1
       0
       0
       0
       1
       0
       0
       0
       0
       0
       0
       0
       0
       0
       0
       0
       0
       0
       0
       0
       0
       0
       0
       0
       0
       0
       0
       0
       0
       0
       0
       0
       0
       0
       0
       0
       1
       0
       0
       0
       0
       0
       0
       0
       0
       0
       0
       0
       0
       0
       0
       0
       0
       1
       0
       0
       0
       0
       0
       0
       0
       0
       0
       0
       0
       0
       0
       0
       0
       0
       0
       0
       0
       0
       0
       0
       0
       0
       0
       0
       0
       0
       0
       0
       0
       0
       0
       0
       0
       0
       0
       0
       0
       0
       0
       0
       0
       0
       1
       0
       0
       0
       0
       0
       0
       0
       0
       0
       0
       0
       0
       0
       0
       1
       0
       0
       0
       0
       0
       0
       0
       0
       0
       0
       0
       0
       0
       0
       0
       0
       0
       0
       0
       0
       0
       0
       0
       0
       0
       0
       0
       0
       0
       0
       0
       0
       0
       0
       0
       0
       1
       0
       0
       0
       0
       0
       0
       0
       0
       0
       0
       0
       0
       0
       1
       0
       0
       0
       0
       0
       0
       0
       1
       0
       0
       0
       0
       0
       0
       0
       0
       0
       0
       0
       0
       0
       0
       0
       0
       0
       0
       0
       0
       0
       0
       0
       0
       0
       0
       0
$ROI:
2
324 436
803 817
$PRESETS:
Live Time
240
0
$ENER_FIT:
0.000000 0.000000
$MCA_CAL:
3
0.000000E+000 0.000000E+000 0.000000E+000 
$SHAPE_CAL:
3
0.000000E+000 0.000000E+000 0.000000E+000
