$SPEC_ID:
No sample description was entered.
$SPEC_REM:
DET# 17
DETDESC# WD011-05 Easy-MCA-8k SN 13260149
AP# Maestro Version 7.01
$DATE_MEA:
04/25/2017 14:46:03
$MEAS_TIM:
600 602
$DATA:
0 1023
       0
       0
       0
       0
       0
       0
       0
       0
       0
       0
       0
       0
       0
       0
       0
       0
       0
       0
       0
       0
      39
     343
     126
      62
      44
      35
      36
      25
      38
      30
      32
      32
      20
      27
      30
      32
      32
      35
      29
      18
      31
      35
      34
      27
      26
      26
      28
      27
      29
      54
      26
      31
      36
      35
      29
      38
      23
      33
      43
      21
      28
      23
      26
      27
      25
      24
      21
      19
      29
      24
      31
      27
      23
      21
      23
      17
      24
      23
      13
      17
      26
      23
      11
      10
      19
      21
      11
      14
      16
      21
      10
      17
       9
      16
      12
      16
      16
      16
       7
      11
      18
      12
      12
      12
      10
      14
      15
      12
      11
       5
       9
      13
       7
       3
       4
       8
       8
       6
       9
       9
       8
       1
       8
       9
      10
       8
       3
       7
       6
       2
       4
       4
       4
       6
       3
       6
       3
       0
       5
       6
       2
       3
       4
       2
       5
       4
       2
       5
       3
       3
       5
       1
       1
       4
       1
       4
       4
       7
       4
       1
       3
       5
       4
       3
       2
       5
       2
       3
       4
       0
       3
       2
       1
       4
       4
       1
       1
       2
       1
       2
       1
       6
       1
       4
       1
       4
       3
       2
       3
       0
       1
       2
       1
       2
       0
       2
       2
       2
       1
       0
       3
       3
       0
       2
       2
       2
       2
       1
       2
       2
       1
       1
       2
       0
       0
       1
       2
       2
       0
       0
       1
       3
       3
       3
       1
       1
       0
       3
       0
       1
       0
       0
       1
       0
       3
       1
       0
       0
       2
       3
       2
       1
       1
       1
       0
       3
       1
       2
       0
       1
       0
       0
       2
       1
       2
       1
       0
       1
       0
       3
       1
       2
       1
       0
       0
       0
       1
       1
       0
       0
       0
       1
       0
       0
       0
       1
       4
       1
       0
       3
       1
       1
       0
       1
       0
       0
       0
       0
       1
       0
       0
       1
       1
       1
       1
       1
       0
       0
       0
       1
       0
       0
       0
       0
       0
       1
       1
       0
       2
       0
       0
       1
       1
       1
       0
       2
       0
       0
       0
       2
       2
       0
       1
       1
       1
       2
       3
       0
       1
       0
       0
       1
       1
       0
       1
       2
       0
       0
       0
       0
       0
       1
       1
       1
       0
       2
       1
       1
       2
       1
       0
       2
       1
       1
       1
       0
       0
       0
       0
       2
       1
       2
       0
       1
       1
       1
       0
       1
       2
       1
       1
       0
       2
       0
       0
       0
       1
       0
       0
       1
       1
       0
       0
       0
       0
       1
       2
       0
       0
       0
       1
       0
       0
       0
       1
       0
       1
       0
       0
       0
       0
       0
       0
       0
       0
       0
       0
       0
       1
       1
       1
       0
       1
       1
       1
       0
       0
       0
       1
       0
       1
       0
       0
       2
       0
       1
       1
       0
       0
       0
       0
       2
       1
       0
       0
       0
       0
       1
       0
       0
       0
       0
       0
       1
       0
       1
       1
       0
       1
       2
       1
       1
       1
       0
       0
       0
       0
       1
       0
       1
       0
       0
       0
       0
       0
       0
       0
       2
       2
       0
       0
       0
       0
       1
       1
       0
       1
       0
       0
       0
       1
       0
       0
       0
       1
       0
       0
       1
       0
       0
       0
       1
       1
       0
       0
       0
       0
       2
       0
       1
       1
       0
       1
       0
       0
       0
       1
       0
       1
       1
       0
       0
       0
       0
       1
       0
       2
       2
       0
       0
       0
       0
       0
       0
       1
       1
       0
       0
       0
       1
       0
       1
       0
       1
       0
       0
       0
       0
       0
       1
       1
       2
       0
       0
       0
       1
       1
       0
       0
       1
       0
       1
       0
       0
       0
       1
       0
       0
       0
       2
       1
       0
       0
       0
       0
       0
       0
       0
       0
       0
       0
       0
       0
       0
       1
       0
       0
       0
       1
       2
       2
       0
       0
       0
       0
       0
       1
       1
       0
       0
       0
       1
       0
       0
       1
       0
       0
       0
       1
       1
       0
       1
       1
       0
       0
       1
       0
       0
       2
       1
       0
       0
       0
       1
       0
       0
       0
       0
       0
       1
       2
       2
       0
       0
       0
       1
       0
       0
       0
       0
       0
       1
       0
       0
       0
       0
       0
       0
       1
       0
       1
       0
       0
       0
       0
       0
       0
       0
       0
       0
       0
       0
       0
       1
       1
       0
       0
       0
       0
       0
       0
       0
       1
       0
       0
       0
       0
       1
       1
       0
       0
       0
       1
       0
       1
       0
       0
       0
       0
       0
       1
       0
       0
       0
       0
       0
       1
       1
       0
       0
       0
       0
       1
       0
       0
       0
       0
       0
       0
       0
       1
       0
       0
       0
       0
       1
       0
       0
       0
       0
       0
       0
       1
       0
       0
       0
       0
       0
       2
       0
       1
       0
       0
       0
       0
       0
       0
       1
       0
       0
       0
       0
       0
       0
       0
       0
       0
       0
       0
       0
       0
       0
       0
       1
       0
       1
       0
       0
       0
       0
       0
       0
       0
       0
       0
       1
       0
       0
       0
       0
       0
       1
       0
       1
       1
       0
       0
       0
       0
       0
       0
       0
       0
       0
       0
       0
       0
       0
       0
       0
       0
       0
       0
       0
       0
       0
       0
       0
       0
       0
       0
       0
       0
       0
       0
       0
       0
       0
       0
       1
       0
       0
       0
       0
       0
       0
       0
       0
       1
       0
       0
       0
       0
       0
       0
       0
       0
       0
       0
       0
       0
       0
       0
       0
       0
       0
       0
       0
       0
       0
       0
       0
       0
       0
       0
       0
       0
       0
       1
       0
       0
       0
       0
       0
       0
       0
       0
       0
       0
       0
       0
       0
       0
       0
       0
       0
       0
       0
       0
       0
       0
       0
       0
       0
       0
       0
       0
       0
       0
       0
       0
       0
       0
       1
       0
       0
       0
       0
       0
       0
       0
       0
       1
       0
       0
       0
       0
       0
       0
       0
       0
       0
       1
       0
       0
       0
       0
       0
       0
       1
       0
       0
       0
       0
       0
       0
       0
       0
       0
       0
       0
       0
       0
       0
       0
       0
       0
       0
       0
       0
       1
       0
       0
       0
       0
       0
       0
       0
       0
       0
       0
       0
       0
       2
       0
       1
       0
       0
       0
       0
       0
       0
       0
       0
       0
       0
       0
       0
       0
       0
       0
       0
       0
       1
       0
       0
       0
       0
       0
       0
       0
       0
       0
       0
       0
       0
       0
       0
       0
       0
       0
       0
       0
       1
       0
       0
       0
       0
       0
       0
       0
       0
       0
       0
       0
       0
       0
       0
       0
       0
       0
       0
       0
       0
       0
       0
       0
       0
       0
       0
       0
       0
       0
       0
       0
       0
       0
       0
       0
       0
       0
       0
       0
       0
       0
       0
       0
       0
       0
       0
       0
       0
       0
       0
$ROI:
1
803 817
$PRESETS:
Live Time
600
0
$ENER_FIT:
0.000000 0.000000
$MCA_CAL:
3
0.000000E+000 0.000000E+000 0.000000E+000 
$SHAPE_CAL:
3
0.000000E+000 0.000000E+000 0.000000E+000
