$SPEC_ID:
No sample description was entered.
$SPEC_REM:
DET# 17
DETDESC# WD011-05 Easy-MCA-8k SN 13260149
AP# Maestro Version 7.01
$DATE_MEA:
04/25/2017 14:08:37
$MEAS_TIM:
288 290
$DATA:
0 1023
       0
       0
       0
       0
       0
       0
       0
       0
       0
       0
       0
       0
       0
       0
       0
       0
       0
       0
       0
       0
      82
     774
     459
     409
     332
     342
     292
     309
     307
     303
     301
     295
     310
     290
     309
     321
     291
     275
     287
     320
     306
     304
     328
     329
     299
     324
     315
     304
     309
     332
     324
     305
     332
     352
     336
     359
     330
     316
     317
     359
     306
     351
     341
     323
     322
     302
     335
     322
     315
     340
     324
     332
     305
     344
     327
     310
     343
     312
     341
     320
     370
     354
     322
     350
     336
     333
     359
     351
     338
     370
     400
     395
     371
     364
     394
     359
     348
     369
     334
     330
     356
     339
     302
     323
     317
     321
     318
     299
     290
     287
     303
     319
     267
     276
     266
     244
     262
     269
     275
     243
     218
     245
     248
     226
     232
     262
     222
     237
     244
     198
     240
     231
     225
     212
     210
     211
     201
     230
     187
     201
     194
     200
     189
     181
     194
     169
     191
     176
     164
     194
     185
     181
     170
     165
     202
     165
     152
     142
     178
     158
     207
     154
     172
     172
     162
     195
     183
     157
     164
     162
     145
     185
     163
     182
     168
     145
     172
     159
     163
     145
     163
     164
     180
     162
     165
     162
     185
     178
     167
     172
     185
     165
     134
     170
     197
     153
     153
     174
     183
     171
     150
     155
     160
     202
     178
     173
     150
     184
     171
     175
     171
     176
     202
     145
     161
     165
     169
     146
     169
     176
     150
     153
     163
     145
     131
     139
     129
     129
     101
     107
     110
     131
     123
      96
      89
      95
      81
      89
      85
      84
      58
      81
      66
      69
      69
      56
      50
      47
      47
      35
      47
      48
      46
      41
      31
      31
      36
      34
      33
      39
      26
      26
      18
      27
      17
      20
      29
      20
      21
      22
      17
      23
      22
      20
      22
      27
      18
      11
      20
      13
      16
      20
      16
      17
      14
      11
      19
      26
      15
      21
       6
      21
      17
      18
      24
      27
      28
      26
      26
      32
      30
      40
      24
      33
      31
      30
      37
      50
      46
      44
      65
      50
      46
      69
      58
      62
      80
      94
      88
     106
     114
     106
     107
     111
     131
     143
     137
     144
     152
     180
     153
     183
     157
     165
     189
     181
     199
     190
     183
     181
     175
     169
     198
     181
     138
     188
     156
     155
     157
     142
     144
     139
     137
     115
     109
     113
     112
      96
     102
      75
      91
      78
      67
      70
      53
      48
      56
      41
      29
      38
      27
      15
      34
      16
      12
       8
      11
      12
      11
       5
       7
       7
       5
       1
       7
       4
       1
       2
       2
       3
       0
       0
       2
       0
       2
       1
       2
       1
       1
       1
       1
       1
       2
       1
       0
       1
       1
       0
       0
       1
       0
       0
       0
       0
       0
       1
       0
       0
       0
       1
       0
       1
       0
       0
       0
       0
       0
       0
       0
       1
       0
       0
       2
       0
       0
       1
       0
       0
       1
       1
       0
       0
       0
       0
       0
       0
       0
       1
       0
       0
       0
       1
       0
       0
       0
       0
       0
       0
       2
       0
       0
       0
       0
       0
       0
       0
       0
       0
       0
       0
       1
       0
       0
       0
       0
       0
       0
       0
       0
       0
       2
       0
       0
       0
       0
       0
       0
       0
       1
       0
       0
       0
       0
       0
       0
       0
       0
       0
       0
       1
       0
       1
       1
       0
       0
       0
       0
       0
       0
       0
       0
       0
       0
       0
       0
       0
       1
       0
       0
       0
       0
       0
       0
       0
       0
       0
       0
       0
       0
       0
       0
       0
       0
       1
       0
       0
       0
       0
       0
       0
       0
       0
       0
       0
       0
       0
       0
       0
       0
       0
       0
       0
       0
       0
       0
       0
       0
       0
       2
       0
       0
       0
       0
       0
       0
       0
       0
       0
       0
       0
       1
       0
       0
       0
       0
       0
       0
       0
       0
       0
       2
       0
       0
       0
       0
       0
       0
       0
       0
       0
       0
       0
       0
       0
       0
       0
       0
       0
       0
       0
       0
       1
       0
       0
       0
       0
       0
       1
       0
       0
       0
       1
       1
       0
       0
       0
       0
       0
       0
       0
       0
       0
       1
       0
       0
       0
       0
       0
       0
       0
       0
       0
       0
       0
       0
       0
       0
       0
       0
       0
       0
       0
       1
       0
       0
       0
       0
       0
       0
       0
       0
       1
       0
       0
       0
       0
       0
       0
       0
       0
       0
       0
       2
       0
       0
       0
       0
       0
       0
       0
       0
       0
       0
       0
       0
       1
       0
       0
       0
       0
       0
       0
       0
       0
       0
       0
       0
       0
       0
       0
       0
       0
       0
       0
       0
       0
       0
       0
       0
       0
       0
       0
       0
       0
       0
       0
       0
       0
       0
       0
       0
       0
       0
       0
       0
       0
       0
       0
       0
       0
       0
       0
       1
       0
       0
       0
       0
       0
       0
       0
       0
       0
       0
       0
       0
       0
       0
       0
       0
       0
       0
       1
       0
       0
       0
       0
       0
       0
       0
       0
       0
       0
       0
       0
       0
       0
       0
       0
       0
       0
       0
       0
       0
       0
       0
       0
       0
       0
       0
       0
       0
       1
       0
       0
       0
       1
       0
       0
       0
       0
       0
       0
       0
       0
       0
       0
       0
       0
       0
       0
       0
       0
       0
       0
       0
       0
       1
       0
       0
       0
       0
       0
       0
       0
       0
       0
       0
       0
       0
       0
       0
       0
       0
       0
       0
       0
       0
       0
       0
       0
       1
       0
       1
       0
       0
       0
       0
       0
       0
       0
       0
       0
       0
       0
       0
       0
       0
       0
       0
       0
       0
       0
       0
       0
       0
       0
       0
       0
       0
       0
       0
       0
       0
       0
       0
       0
       0
       0
       0
       0
       0
       0
       0
       0
       0
       0
       0
       0
       0
       0
       0
       0
       0
       0
       0
       0
       0
       0
       0
       0
       0
       0
       0
       0
       0
       0
       0
       0
       0
       0
       0
       0
       0
       0
       0
       0
       0
       0
       0
       0
       0
       0
       0
       0
       0
       0
       0
       0
       0
       0
       0
       0
       0
       0
       0
       0
       0
       0
       0
       0
       0
       0
       0
       0
       0
       0
       0
       0
       0
       0
       0
       0
       0
       0
       0
       0
       0
       0
       0
       0
       0
       0
       0
       0
       0
       0
       0
       0
       0
       0
       0
       0
       0
       0
       0
       0
       0
       0
       0
       0
       0
       0
       0
       0
       0
       0
       0
       0
       0
       0
       0
       0
       0
       0
       0
       0
       0
       0
       0
       0
       0
       0
       0
       0
       0
       0
       0
       0
       0
       0
       0
       0
       0
       0
       0
       0
       0
       0
       0
       0
       0
       0
       0
       0
       0
       0
       0
       0
       0
       0
       0
       0
       0
       0
       0
       0
       0
       0
       0
       0
       0
       0
       0
       0
$ROI:
2
273 385
803 817
$PRESETS:
Live Time
300
0
$ENER_FIT:
0.000000 0.000000
$MCA_CAL:
3
0.000000E+000 0.000000E+000 0.000000E+000 
$SHAPE_CAL:
3
0.000000E+000 0.000000E+000 0.000000E+000
