$SPEC_ID:
No sample description was entered.
$SPEC_REM:
DET# 17
DETDESC# WD011-05 Easy-MCA-8k SN 13260149
AP# Maestro Version 7.01
$DATE_MEA:
04/25/2017 14:16:11
$MEAS_TIM:
240 241
$DATA:
0 1023
       0
       0
       0
       0
       0
       0
       0
       0
       0
       0
       0
       0
       0
       0
       0
       0
       0
       0
       0
       0
      59
     521
     391
     324
     316
     286
     282
     309
     238
     272
     259
     257
     277
     260
     270
     237
     244
     247
     257
     281
     258
     242
     267
     244
     265
     252
     250
     264
     271
     267
     257
     238
     259
     282
     251
     281
     279
     317
     271
     280
     287
     277
     293
     261
     236
     262
     289
     298
     267
     293
     280
     278
     270
     259
     254
     257
     289
     274
     260
     282
     237
     268
     292
     255
     278
     236
     308
     326
     286
     303
     285
     332
     340
     313
     318
     346
     321
     342
     309
     351
     299
     293
     299
     288
     286
     275
     284
     253
     281
     251
     268
     243
     243
     254
     242
     247
     237
     240
     233
     215
     230
     230
     200
     220
     211
     235
     198
     212
     210
     186
     200
     196
     193
     200
     192
     181
     179
     184
     183
     171
     167
     167
     161
     173
     164
     143
     155
     157
     159
     138
     145
     163
     155
     146
     149
     162
     142
     139
     119
     148
     155
     138
     141
     152
     155
     177
     136
     136
     134
     137
     142
     121
     119
     131
     116
     136
     136
     132
     151
     140
     137
     132
     152
     138
     134
     124
     130
     144
     128
     121
     137
     138
     153
     130
     143
     121
     124
     135
     141
     144
     139
     152
     126
     157
     145
     137
     134
     151
     155
     134
     134
     156
     137
     143
     116
     146
     147
     151
     138
     158
     129
     142
     148
     157
     134
     138
     131
     115
     148
     141
     137
     130
     131
     126
     122
     110
     113
     108
     109
     134
      96
     106
     127
      92
      92
      88
      76
      96
      81
      69
      79
      59
      67
      67
      53
      49
      53
      50
      52
      39
      47
      33
      47
      26
      35
      28
      37
      28
      34
      28
      29
      28
      19
      29
      19
      14
      28
      28
      24
      23
      18
      16
      15
      20
      15
       8
      22
      13
      16
      15
      20
      14
      15
      14
      15
       9
      13
      11
      12
      19
      14
      10
       9
      14
       9
      18
      14
      10
      15
      19
      12
      16
      19
      23
      13
      17
      18
      17
      22
      19
      26
      27
      29
      33
      32
      39
      39
      42
      42
      49
      45
      59
      52
      45
      62
      60
      64
      89
      75
      92
     100
     100
     104
     120
     133
     141
     122
     140
     141
     144
     149
     153
     171
     164
     151
     183
     160
     175
     169
     172
     172
     161
     134
     150
     154
     131
     143
     138
      79
     120
     125
      98
     104
     107
      89
      89
      70
      60
      66
      65
      50
      49
      40
      47
      32
      46
      24
      24
      28
      22
      20
       9
      15
      18
      15
       9
      13
       6
       8
       5
       6
       5
       5
       2
       3
       2
       3
       2
       2
       0
       1
       1
       0
       0
       0
       1
       0
       0
       1
       0
       0
       0
       0
       0
       0
       0
       1
       0
       0
       0
       0
       1
       0
       0
       1
       0
       1
       1
       0
       0
       1
       0
       0
       0
       0
       1
       1
       1
       1
       0
       0
       0
       0
       1
       0
       0
       0
       0
       0
       1
       0
       0
       0
       0
       1
       0
       0
       0
       0
       1
       0
       0
       1
       1
       1
       0
       1
       0
       0
       0
       0
       0
       0
       0
       0
       0
       0
       0
       0
       0
       0
       0
       0
       0
       0
       0
       0
       0
       0
       0
       0
       0
       0
       0
       0
       0
       0
       0
       0
       0
       1
       0
       0
       1
       0
       0
       0
       1
       0
       0
       0
       0
       0
       0
       0
       0
       1
       1
       0
       0
       0
       0
       0
       0
       1
       0
       0
       0
       0
       0
       1
       0
       0
       0
       1
       0
       0
       0
       0
       0
       1
       0
       0
       0
       0
       0
       0
       1
       0
       0
       0
       0
       0
       0
       0
       0
       0
       0
       0
       0
       0
       0
       0
       0
       1
       0
       0
       0
       0
       0
       0
       0
       0
       0
       0
       0
       0
       0
       0
       2
       0
       0
       0
       0
       1
       0
       0
       1
       0
       1
       0
       0
       0
       1
       0
       0
       0
       0
       0
       0
       1
       0
       0
       0
       0
       1
       0
       1
       0
       0
       0
       0
       0
       0
       0
       1
       0
       0
       0
       0
       0
       0
       0
       0
       0
       0
       0
       0
       0
       0
       0
       0
       0
       0
       0
       1
       0
       0
       0
       0
       0
       0
       0
       0
       0
       0
       0
       0
       0
       1
       0
       0
       0
       0
       0
       0
       0
       0
       0
       0
       0
       1
       1
       1
       0
       0
       0
       0
       0
       0
       0
       0
       0
       1
       0
       0
       0
       0
       0
       0
       0
       0
       0
       1
       0
       0
       0
       0
       0
       0
       0
       0
       0
       0
       0
       0
       0
       0
       0
       0
       0
       0
       0
       0
       0
       0
       0
       0
       0
       0
       0
       0
       0
       0
       0
       0
       0
       0
       0
       0
       0
       0
       0
       0
       0
       0
       0
       0
       0
       0
       0
       0
       0
       0
       0
       0
       0
       0
       0
       0
       0
       0
       0
       0
       0
       0
       0
       0
       0
       0
       0
       0
       0
       0
       0
       0
       0
       0
       0
       1
       0
       0
       0
       0
       0
       0
       0
       0
       0
       0
       0
       0
       0
       1
       0
       1
       0
       0
       0
       0
       1
       0
       0
       0
       0
       0
       0
       0
       0
       0
       0
       0
       0
       1
       0
       0
       0
       0
       0
       0
       0
       0
       0
       0
       0
       0
       0
       0
       0
       0
       0
       0
       0
       0
       0
       0
       0
       0
       1
       0
       0
       0
       0
       0
       0
       0
       0
       0
       0
       0
       0
       0
       0
       0
       0
       0
       0
       0
       0
       0
       0
       0
       0
       0
       0
       1
       1
       0
       0
       1
       0
       0
       0
       0
       0
       0
       0
       0
       0
       0
       0
       0
       0
       0
       0
       0
       0
       0
       0
       0
       0
       0
       1
       0
       1
       1
       1
       0
       0
       0
       0
       0
       0
       0
       0
       0
       0
       0
       0
       0
       0
       1
       0
       0
       0
       0
       0
       0
       0
       0
       0
       1
       0
       0
       0
       0
       0
       0
       0
       0
       0
       0
       0
       0
       0
       0
       0
       0
       0
       0
       1
       0
       0
       0
       0
       0
       0
       0
       0
       0
       0
       0
       0
       0
       0
       0
       0
       0
       0
       0
       0
       0
       0
       0
       0
       0
       0
       0
       0
       0
       0
       0
       1
       0
       0
       1
       0
       0
       0
       0
       0
       1
       0
       0
       0
       0
       0
       0
       0
       0
       0
       0
       0
       0
       0
       0
       0
       0
       0
       0
       0
       0
       0
       0
       0
       0
       0
       0
       0
       0
       0
       0
       0
       0
       0
       0
       0
       0
       0
       0
       0
       0
       0
       0
       0
       0
       0
       0
       0
       0
       0
       0
       0
       0
$ROI:
2
301 403
803 817
$PRESETS:
Live Time
240
0
$ENER_FIT:
0.000000 0.000000
$MCA_CAL:
3
0.000000E+000 0.000000E+000 0.000000E+000 
$SHAPE_CAL:
3
0.000000E+000 0.000000E+000 0.000000E+000
