$SPEC_ID:
No sample description was entered.
$SPEC_REM:
DET# 17
DETDESC# WD011-05 Easy-MCA-8k SN 13260149
AP# Maestro Version 7.01
$DATE_MEA:
04/25/2017 14:35:56
$MEAS_TIM:
240 241
$DATA:
0 1023
       0
       0
       0
       0
       0
       0
       0
       0
       0
       0
       0
       0
       0
       0
       0
       0
       0
       0
       0
       0
      58
     527
     438
     389
     337
     310
     317
     297
     252
     268
     280
     268
     249
     264
     285
     275
     294
     307
     283
     262
     283
     290
     251
     243
     289
     268
     291
     260
     289
     275
     276
     278
     293
     284
     293
     298
     296
     293
     293
     315
     287
     279
     275
     307
     289
     308
     291
     298
     264
     262
     297
     294
     287
     283
     292
     273
     269
     276
     271
     257
     260
     272
     262
     264
     305
     305
     302
     314
     305
     313
     310
     302
     305
     345
     344
     332
     326
     324
     334
     290
     316
     292
     328
     288
     292
     323
     306
     279
     307
     293
     262
     299
     287
     255
     278
     270
     242
     286
     252
     264
     229
     262
     239
     243
     241
     235
     231
     202
     234
     216
     218
     173
     217
     205
     230
     208
     184
     219
     205
     189
     172
     188
     182
     182
     191
     196
     180
     173
     157
     168
     176
     159
     137
     154
     160
     160
     150
     153
     142
     155
     155
     145
     151
     122
     152
     156
     158
     154
     149
     135
     163
     146
     159
     135
     150
     170
     141
     143
     139
     154
     138
     149
     151
     136
     143
     151
     159
     129
     139
     154
     160
     155
     139
     138
     138
     127
     165
     158
     154
     132
     142
     150
     162
     154
     153
     155
     125
     146
     154
     159
     154
     146
     148
     148
     172
     176
     157
     147
     154
     151
     137
     151
     145
     140
     146
     132
     137
     153
     141
     144
     144
     160
     150
     150
     127
     157
     126
     136
     131
     122
     142
     114
     119
     127
     114
     110
     104
     125
      88
      99
     104
      79
     101
      75
      85
      83
      71
      56
      60
      74
      47
      56
      52
      42
      50
      42
      35
      41
      24
      38
      40
      25
      31
      29
      34
      34
      27
      27
      21
      23
      31
      22
      24
      17
      19
      16
      20
      25
      24
      23
      16
      20
      26
       9
      17
      15
      17
      11
      19
      16
      18
      11
      14
      12
      19
       9
      21
      24
      15
      13
      11
      14
      11
      19
      19
      16
      19
      19
      22
      17
      22
      23
      20
      23
      24
      20
      25
      20
      43
      32
      35
      29
      43
      60
      34
      54
      53
      61
      75
      79
      81
      73
      83
     100
      86
      94
     102
      92
     142
     114
     135
     145
     142
     138
     170
     138
     177
     173
     168
     197
     164
     179
     171
     174
     192
     154
     199
     160
     174
     172
     169
     174
     153
     149
     127
     133
     116
     142
     113
     106
      97
      95
      82
      70
      81
      69
      84
      54
      53
      52
      48
      47
      40
      31
      23
      30
      16
      20
      13
      20
      14
      18
      10
       8
      14
      14
       8
       3
       1
       2
       1
       5
       2
       2
       1
       2
       0
       1
       0
       2
       0
       0
       1
       0
       1
       0
       0
       1
       0
       0
       0
       0
       0
       0
       1
       0
       0
       0
       0
       0
       0
       0
       0
       0
       0
       0
       0
       0
       0
       0
       1
       0
       0
       0
       0
       0
       0
       0
       0
       0
       1
       0
       1
       0
       1
       0
       1
       0
       0
       0
       0
       0
       0
       0
       0
       2
       0
       1
       1
       0
       1
       1
       0
       0
       0
       1
       0
       0
       0
       2
       1
       1
       0
       0
       0
       0
       0
       1
       0
       0
       1
       0
       0
       0
       0
       0
       0
       0
       0
       0
       0
       0
       0
       0
       0
       0
       0
       1
       0
       0
       0
       0
       0
       0
       0
       0
       0
       0
       1
       0
       0
       0
       0
       0
       0
       1
       0
       1
       0
       0
       0
       0
       0
       1
       0
       0
       1
       1
       0
       0
       0
       1
       0
       0
       0
       0
       2
       0
       0
       0
       1
       0
       0
       0
       0
       0
       0
       0
       0
       0
       0
       0
       2
       0
       0
       1
       0
       0
       0
       0
       0
       0
       0
       0
       0
       0
       0
       0
       0
       0
       0
       1
       0
       0
       1
       0
       0
       0
       0
       0
       0
       0
       0
       0
       0
       0
       1
       0
       1
       0
       1
       0
       0
       0
       0
       0
       0
       0
       0
       0
       0
       0
       0
       0
       0
       0
       0
       0
       1
       0
       0
       0
       0
       1
       0
       0
       0
       0
       0
       0
       0
       0
       0
       0
       0
       0
       0
       0
       0
       0
       0
       0
       0
       1
       0
       0
       0
       0
       0
       0
       0
       0
       0
       0
       0
       0
       0
       0
       0
       0
       0
       0
       0
       0
       1
       0
       0
       0
       1
       1
       0
       1
       0
       0
       0
       0
       0
       0
       0
       0
       1
       0
       0
       0
       0
       0
       1
       0
       0
       0
       0
       0
       0
       0
       0
       1
       0
       0
       0
       0
       0
       0
       0
       0
       0
       0
       0
       0
       1
       0
       0
       0
       0
       0
       0
       0
       1
       0
       0
       1
       0
       0
       0
       0
       0
       0
       0
       0
       0
       0
       0
       0
       0
       1
       0
       0
       0
       0
       0
       0
       0
       0
       0
       0
       0
       0
       0
       0
       0
       0
       0
       0
       0
       0
       0
       0
       0
       0
       0
       0
       0
       0
       0
       0
       0
       0
       0
       0
       0
       0
       0
       0
       0
       0
       0
       0
       0
       0
       0
       0
       0
       0
       0
       0
       0
       0
       0
       0
       0
       0
       0
       0
       0
       0
       0
       0
       0
       0
       0
       0
       0
       0
       0
       0
       0
       0
       0
       0
       0
       0
       0
       0
       0
       0
       0
       0
       0
       0
       0
       0
       0
       0
       0
       0
       0
       0
       0
       0
       0
       0
       0
       0
       0
       0
       0
       0
       0
       0
       0
       0
       0
       0
       0
       0
       0
       0
       0
       0
       0
       0
       0
       0
       0
       0
       0
       0
       0
       0
       0
       0
       1
       1
       0
       0
       0
       0
       0
       0
       0
       0
       0
       0
       0
       0
       0
       0
       0
       0
       0
       0
       0
       0
       0
       1
       0
       0
       0
       0
       0
       0
       0
       0
       0
       0
       0
       0
       0
       0
       0
       0
       0
       0
       0
       0
       0
       0
       0
       0
       0
       0
       0
       0
       0
       0
       0
       0
       0
       0
       0
       1
       0
       0
       0
       0
       0
       0
       0
       0
       0
       0
       0
       0
       0
       0
       0
       0
       0
       0
       0
       0
       0
       0
       0
       0
       0
       0
       0
       0
       0
       0
       0
       0
       0
       0
       0
       0
       1
       0
       0
       0
       0
       0
       0
       0
       0
       0
       0
       0
       0
       0
       0
       0
       0
       0
       0
       0
       0
       0
       0
       0
       0
       0
       0
       0
       0
       0
       0
       0
       0
       0
       0
       0
       0
       0
       0
       0
       0
       0
       0
       0
       0
       0
       0
       0
       0
       0
       0
       0
       0
       0
       0
       0
       0
       0
$ROI:
2
301 410
803 817
$PRESETS:
Live Time
240
0
$ENER_FIT:
0.000000 0.000000
$MCA_CAL:
3
0.000000E+000 0.000000E+000 0.000000E+000 
$SHAPE_CAL:
3
0.000000E+000 0.000000E+000 0.000000E+000
