$SPEC_ID:
No sample description was entered.
$SPEC_REM:
DET# 17
DETDESC# WD011-05 Easy-MCA-8k SN 13260149
AP# Maestro Version 7.01
$DATE_MEA:
04/27/2017 12:37:58
$MEAS_TIM:
600 605
$DATA:
0 1023
       0
       0
       0
       0
       0
       0
       0
       0
       0
       0
       0
       0
       0
       0
       0
       0
       0
       0
       0
       0
       0
       0
       0
       0
       0
       0
       0
     114
     433
     184
      92
      47
      38
      31
      36
      34
      31
      26
      23
      21
      30
      19
      31
      40
      29
      27
      40
      42
      34
      34
      33
      30
      36
      37
      29
      46
      28
      28
      40
      21
      29
      34
      32
      34
      40
      26
      23
      20
      27
      20
      23
      27
      24
      30
      23
      16
      15
      21
      18
      21
      12
      27
      26
      12
      18
      20
      24
      17
      18
      17
      15
      14
      15
      17
      17
      13
      10
       8
      15
      11
       8
       7
      12
      11
       9
       8
      10
      10
       8
       6
       7
       5
       7
      12
      13
       9
       6
      11
       8
       3
      12
       4
      10
       7
      11
       3
       1
       2
       6
       7
       2
       5
       3
       6
       6
       6
       5
       3
       8
       4
       4
       2
       4
       8
       8
       5
       3
       5
      11
       6
       1
       3
       0
       2
       4
       4
       3
       0
       3
       1
       1
       3
       0
       2
       1
       2
       3
       1
       1
       3
       2
       3
       3
       3
       4
       2
       3
       1
       2
       2
       0
       0
       2
       0
       3
       3
       1
       2
       2
       1
       1
       2
       1
       0
       5
       0
       2
       1
       1
       2
       2
       1
       1
       0
       2
       1
       1
       1
       1
       2
       1
       1
       5
       3
       2
       0
       0
       1
       2
       0
       1
       2
       2
       4
       0
       2
       1
       0
       1
       0
       2
       1
       2
       2
       1
       3
       2
       2
       2
       3
       1
       1
       2
       1
       0
       0
       3
       1
       1
       1
       0
       1
       2
       1
       0
       0
       0
       0
       1
       0
       1
       0
       2
       1
       0
       1
       1
       0
       1
       4
       0
       2
       0
       1
       0
       0
       0
       0
       0
       1
       0
       2
       1
       1
       0
       0
       0
       0
       0
       1
       1
       1
       2
       0
       2
       0
       1
       2
       0
       2
       0
       0
       1
       1
       0
       0
       6
       0
       0
       1
       0
       2
       2
       2
       0
       1
       1
       0
       2
       1
       1
       0
       0
       1
       1
       0
       0
       1
       0
       0
       1
       0
       1
       0
       1
       2
       2
       0
       1
       0
       0
       2
       0
       0
       1
       1
       0
       0
       1
       1
       0
       1
       2
       0
       0
       0
       1
       0
       1
       0
       1
       0
       1
       0
       1
       1
       1
       0
       3
       3
       0
       0
       0
       0
       0
       0
       0
       0
       1
       1
       0
       0
       0
       2
       2
       0
       0
       0
       1
       1
       2
       1
       1
       0
       0
       0
       0
       1
       1
       2
       0
       1
       1
       0
       0
       1
       0
       2
       1
       0
       0
       0
       0
       0
       0
       1
       0
       0
       0
       0
       0
       0
       2
       0
       0
       1
       0
       0
       0
       0
       1
       0
       0
       0
       0
       0
       1
       1
       0
       0
       0
       0
       0
       0
       1
       0
       0
       1
       0
       0
       0
       0
       0
       0
       0
       2
       0
       0
       0
       0
       3
       1
       0
       0
       0
       1
       0
       1
       0
       0
       0
       0
       0
       2
       0
       1
       1
       1
       1
       0
       1
       1
       0
       0
       0
       0
       0
       0
       1
       0
       0
       0
       1
       0
       0
       0
       0
       0
       0
       2
       1
       0
       0
       0
       1
       1
       0
       0
       0
       0
       1
       1
       0
       0
       1
       0
       0
       0
       0
       1
       0
       1
       0
       0
       1
       0
       0
       0
       0
       0
       0
       1
       0
       1
       0
       0
       0
       0
       0
       0
       0
       0
       1
       0
       0
       0
       0
       1
       0
       0
       0
       0
       0
       0
       2
       1
       0
       0
       0
       0
       1
       1
       1
       0
       1
       0
       0
       0
       0
       0
       0
       1
       1
       0
       1
       0
       1
       2
       0
       2
       0
       1
       0
       0
       0
       1
       1
       0
       1
       0
       1
       1
       0
       0
       0
       0
       0
       0
       0
       0
       0
       1
       0
       1
       0
       0
       0
       0
       0
       0
       0
       0
       0
       0
       0
       0
       1
       1
       0
       0
       2
       0
       0
       1
       1
       0
       0
       0
       0
       0
       0
       0
       0
       1
       0
       0
       0
       0
       0
       0
       0
       0
       1
       0
       2
       0
       0
       0
       0
       0
       1
       0
       0
       1
       1
       1
       0
       1
       0
       1
       0
       0
       0
       0
       0
       0
       0
       1
       1
       0
       0
       0
       0
       0
       0
       1
       0
       0
       0
       1
       1
       0
       0
       0
       0
       0
       0
       1
       1
       0
       1
       1
       0
       0
       0
       1
       1
       0
       0
       0
       0
       0
       0
       1
       0
       0
       0
       1
       0
       0
       0
       0
       0
       2
       2
       0
       0
       0
       0
       0
       1
       0
       0
       0
       0
       0
       1
       0
       0
       1
       1
       1
       0
       0
       0
       0
       2
       0
       3
       0
       0
       0
       0
       0
       1
       0
       0
       0
       0
       0
       0
       0
       0
       0
       1
       1
       0
       0
       0
       0
       0
       0
       0
       0
       0
       0
       0
       1
       0
       0
       1
       0
       1
       0
       0
       0
       0
       0
       0
       0
       0
       0
       0
       0
       0
       1
       0
       0
       0
       0
       0
       0
       0
       0
       0
       0
       1
       0
       0
       0
       0
       0
       0
       1
       0
       0
       0
       0
       0
       0
       0
       0
       0
       1
       0
       0
       0
       0
       0
       0
       0
       0
       0
       0
       0
       0
       0
       0
       0
       0
       0
       0
       0
       0
       0
       0
       1
       0
       0
       0
       0
       0
       0
       0
       0
       0
       0
       1
       0
       0
       1
       1
       0
       0
       0
       0
       0
       0
       0
       0
       0
       1
       0
       1
       0
       0
       0
       0
       1
       0
       0
       0
       0
       2
       0
       0
       0
       0
       0
       1
       0
       0
       0
       0
       0
       1
       1
       0
       0
       0
       0
       1
       0
       0
       0
       0
       1
       0
       0
       1
       0
       0
       0
       1
       0
       0
       1
       0
       0
       0
       0
       0
       0
       0
       0
       0
       0
       1
       0
       0
       0
       0
       0
       0
       0
       0
       0
       0
       0
       0
       0
       0
       1
       0
       0
       0
       0
       0
       0
       0
       0
       0
       0
       1
       0
       0
       0
       0
       0
       0
       0
       0
       0
       0
       0
       0
       0
       0
       0
       0
       0
       0
       0
       0
       0
       0
       0
       0
       0
       0
       0
       0
       0
       0
       0
       1
       0
       0
       0
       0
       0
       1
       0
       0
       0
       0
       0
       0
       0
       0
       0
       0
       0
       0
       0
       0
       0
       0
       0
       0
       0
       0
       0
       0
       0
       0
       0
       0
       0
       0
       0
       0
       0
       0
       0
       0
       0
       0
       0
       0
       0
       0
       0
       0
$ROI:
1
298 401
$PRESETS:
Live Time
600
0
$ENER_FIT:
0.000000 0.000000
$MCA_CAL:
3
0.000000E+000 0.000000E+000 0.000000E+000 
$SHAPE_CAL:
3
0.000000E+000 0.000000E+000 0.000000E+000
