$SPEC_ID:
No sample description was entered.
$SPEC_REM:
DET# 17
DETDESC# WD011-05 Easy-MCA-8k SN 13260149
AP# Maestro Version 7.01
$DATE_MEA:
04/27/2017 12:23:51
$MEAS_TIM:
240 242
$DATA:
0 1023
       0
       0
       0
       0
       0
       0
       0
       0
       0
       0
       0
       0
       0
       0
       0
       0
       0
       0
       0
       0
       0
       0
       0
       0
       0
       0
       0
     117
     342
     263
     160
     155
     162
     178
     162
     158
     130
     134
     129
     153
     121
     151
     160
     158
     119
     153
     151
     156
     148
     162
     126
     144
     155
     169
     159
     172
     155
     159
     145
     167
     153
     151
     168
     172
     153
     148
     172
     176
     183
     149
     169
     180
     166
     161
     151
     144
     158
     178
     133
     141
     154
     179
     152
     150
     153
     144
     155
     155
     162
     150
     163
     141
     146
     172
     163
     156
     170
     164
     174
     151
     150
     146
     172
     149
     155
     158
     146
     158
     161
     161
     149
     135
     122
     128
     106
     135
     147
     146
     132
     140
     131
     120
     111
     116
     106
     115
     116
     144
     102
     123
     111
     106
     123
     103
     104
     107
     112
     110
     111
     108
      96
     110
      91
     102
      95
      92
      98
      83
      99
      81
      72
      95
      87
      86
      95
     101
      63
      71
     100
      82
      77
      83
      83
      89
      85
      86
      66
      93
      80
      67
      88
      89
      69
      76
      91
      83
      65
      84
      75
      57
      65
      93
      86
      84
      86
      76
      81
      72
      77
      80
      81
      82
      76
      72
      72
      85
      68
      83
      53
      67
      65
      72
      66
      84
      70
      80
      81
      70
      66
      75
      80
      53
      93
      94
      83
      87
      96
      78
      85
      60
      69
      72
      69
      85
      71
      62
      90
      96
      75
      65
      55
      75
      69
      76
      74
      75
      62
      69
      70
      59
      83
      63
      58
      58
      68
      42
      60
      62
      54
      53
      45
      43
      39
      44
      29
      38
      43
      40
      32
      34
      39
      35
      28
      36
      23
      21
      23
      36
      21
      25
      19
      17
      13
      19
      21
      18
      25
      16
      15
       8
      13
      13
       8
      16
      12
       8
      11
      11
      15
       8
       9
       7
       4
       9
       6
      14
       7
       5
      10
       5
       7
       5
       6
      10
       9
       7
       6
       9
      10
       3
       4
       8
       3
      16
       8
       7
       7
       8
       4
       4
       7
      10
       6
       4
      10
      18
      11
       9
      13
      15
      11
      17
      27
      15
      19
      28
      27
      36
      32
      32
      29
      25
      37
      43
      52
      41
      56
      55
      62
      58
      52
      64
      77
      68
      63
      94
      96
      80
      98
      71
     102
      89
      92
      90
      93
      92
     107
     102
      87
      74
      64
      89
      82
      75
      86
      69
      81
      76
      65
      59
      57
      57
      49
      46
      34
      33
      46
      40
      49
      32
      34
      26
      28
      22
      16
      20
      15
      13
       9
       9
       6
       6
       4
       4
       9
       9
       8
       2
       2
       3
       4
       1
       4
       1
       3
       2
       0
       0
       0
       4
       1
       0
       1
       0
       0
       0
       2
       0
       1
       0
       1
       0
       0
       0
       0
       0
       0
       0
       0
       0
       0
       0
       1
       0
       0
       0
       0
       0
       0
       0
       0
       0
       1
       0
       0
       0
       0
       0
       0
       0
       0
       0
       1
       0
       0
       0
       0
       0
       0
       0
       0
       0
       0
       0
       0
       0
       0
       0
       1
       0
       0
       0
       0
       0
       0
       0
       0
       0
       0
       0
       0
       0
       0
       0
       0
       0
       0
       0
       0
       0
       0
       1
       0
       0
       0
       0
       0
       0
       0
       0
       1
       0
       1
       0
       0
       0
       1
       0
       0
       0
       0
       0
       0
       0
       0
       0
       0
       0
       0
       0
       2
       0
       0
       0
       0
       1
       0
       1
       0
       0
       0
       0
       1
       1
       0
       0
       0
       0
       0
       0
       0
       0
       0
       0
       0
       1
       1
       0
       0
       0
       1
       0
       1
       0
       0
       0
       0
       0
       0
       0
       0
       0
       0
       0
       1
       0
       0
       0
       0
       1
       0
       0
       0
       0
       0
       1
       1
       0
       0
       1
       0
       0
       0
       0
       0
       0
       0
       0
       0
       0
       1
       0
       0
       0
       0
       0
       0
       0
       0
       0
       0
       1
       0
       0
       0
       0
       0
       0
       0
       0
       0
       0
       0
       0
       0
       0
       0
       0
       0
       0
       0
       0
       0
       0
       0
       0
       0
       0
       0
       0
       0
       0
       1
       0
       0
       0
       0
       0
       0
       0
       0
       0
       0
       0
       0
       0
       1
       0
       0
       0
       0
       0
       1
       0
       0
       0
       0
       0
       0
       0
       0
       0
       1
       0
       0
       0
       0
       0
       0
       0
       0
       0
       0
       0
       0
       1
       0
       0
       0
       0
       0
       0
       0
       0
       0
       0
       0
       0
       0
       0
       0
       0
       0
       1
       0
       0
       0
       0
       0
       0
       0
       0
       0
       1
       0
       0
       0
       0
       0
       0
       0
       0
       0
       0
       0
       0
       0
       0
       0
       0
       0
       0
       0
       0
       1
       0
       0
       0
       0
       0
       0
       0
       0
       0
       0
       0
       0
       0
       0
       0
       0
       0
       0
       0
       0
       0
       0
       0
       0
       0
       1
       1
       0
       0
       0
       0
       0
       0
       0
       0
       0
       0
       0
       0
       0
       0
       0
       0
       0
       0
       0
       0
       0
       0
       0
       1
       0
       0
       0
       0
       0
       0
       0
       0
       0
       0
       0
       0
       0
       0
       0
       0
       0
       0
       1
       0
       0
       0
       0
       0
       1
       0
       0
       0
       0
       0
       0
       0
       0
       0
       0
       0
       0
       0
       0
       0
       0
       0
       0
       0
       0
       0
       0
       0
       0
       0
       0
       0
       0
       0
       0
       0
       1
       0
       0
       0
       0
       0
       0
       0
       0
       0
       0
       0
       0
       0
       0
       0
       0
       0
       0
       0
       0
       0
       0
       0
       0
       0
       0
       0
       0
       0
       0
       0
       0
       0
       0
       0
       0
       0
       0
       0
       0
       0
       0
       1
       0
       0
       0
       0
       0
       0
       0
       0
       0
       0
       0
       0
       0
       0
       0
       0
       0
       0
       0
       0
       0
       0
       0
       0
       0
       0
       0
       0
       0
       0
       0
       0
       0
       1
       0
       0
       0
       0
       0
       0
       0
       0
       0
       0
       0
       0
       0
       0
       0
       0
       0
       0
       0
       0
       0
       0
       0
       0
       0
       0
       0
       0
       0
       0
       0
       0
       0
       0
       0
       0
       0
       0
       0
       0
       0
       0
       0
       0
       0
       0
       0
       0
       0
       0
       0
       0
       0
       0
       0
       0
       0
       0
       0
       0
       0
       0
       0
       0
       0
       0
       0
       0
       0
       0
       0
       0
       0
       0
       0
       0
       0
       0
       0
       0
       0
       0
       0
       0
       0
       0
       0
       0
       0
       0
       0
       0
       0
       0
       0
       0
       0
       0
       0
       0
       0
       0
       0
       0
$ROI:
1
298 401
$PRESETS:
Live Time
240
0
$ENER_FIT:
0.000000 0.000000
$MCA_CAL:
3
0.000000E+000 0.000000E+000 0.000000E+000 
$SHAPE_CAL:
3
0.000000E+000 0.000000E+000 0.000000E+000
