$SPEC_ID:
No sample description was entered.
$SPEC_REM:
DET# 17
DETDESC# WD011-05 Easy-MCA-8k SN 13260149
AP# Maestro Version 7.01
$DATE_MEA:
04/27/2017 12:13:51
$MEAS_TIM:
240 242
$DATA:
0 1023
       0
       0
       0
       0
       0
       0
       0
       0
       0
       0
       0
       0
       0
       0
       0
       0
       0
       0
       0
       0
       0
       0
       0
       0
       0
       0
       0
     102
     360
     233
     173
     152
     128
     157
     119
     147
     126
     160
     137
     138
     138
     146
     138
     141
     132
     158
     154
     163
     158
     143
     150
     169
     157
     131
     139
     130
     148
     147
     133
     135
     164
     168
     137
     159
     146
     173
     152
     133
     139
     162
     175
     141
     147
     141
     145
     155
     141
     154
     141
     147
     131
     156
     129
     137
     165
     160
     145
     152
     145
     167
     160
     156
     143
     176
     161
     168
     168
     170
     163
     146
     171
     178
     171
     165
     172
     143
     141
     148
     154
     148
     137
     119
     124
     140
     127
     119
     161
     156
     125
     140
     128
     110
     114
     127
     129
     122
     121
     104
     122
      98
     101
      97
     106
     121
     105
     100
      93
     108
     107
     110
     104
      86
      74
     105
     118
     103
      97
      79
      84
      75
      92
      88
      82
      86
      83
      93
      62
      65
      74
      74
      88
      83
      58
      71
      65
      74
      72
      73
      68
      87
      75
      68
      75
      74
      80
      64
      62
      74
      74
      52
      65
      60
      68
      89
      85
      78
      82
      82
      69
      65
      72
      66
      59
      77
      55
      65
      68
      71
      73
      57
      77
      64
      49
      81
      86
      63
      61
      86
      84
      75
      68
      68
      84
      65
      64
      78
      72
      77
      66
      74
      76
      65
      78
      80
      77
      96
      89
      83
      88
      76
      78
      81
      84
      82
      64
      85
      81
      76
      84
      75
      51
      60
      65
      63
      62
      54
      63
      63
      61
      58
      48
      65
      45
      52
      35
      43
      55
      44
      42
      35
      34
      36
      37
      31
      33
      31
      23
      22
      18
      20
      28
      18
      18
      17
       8
      21
      24
      18
      13
      14
      10
      19
      15
      12
       5
      10
      16
      15
      14
      13
      11
      10
      11
      12
      10
      10
      11
       6
      12
      13
       6
       7
       9
       6
       7
       9
       9
       6
       6
       4
       7
       8
       3
       9
       1
      11
      10
       2
       6
       5
       6
       6
       4
       7
       9
      10
       6
      19
       6
      16
      10
      13
       6
      13
      17
      22
      15
      16
      14
      17
      28
      22
      25
      15
      44
      37
      24
      30
      41
      43
      41
      45
      52
      50
      38
      67
      64
      67
      62
      73
      78
      83
      89
      88
      69
      97
      99
      96
      83
      79
     101
      83
      98
      83
     106
      76
      75
      89
      99
      68
      83
      77
      78
      53
      51
      69
      67
      58
      52
      45
      46
      37
      32
      29
      28
      27
      22
      27
      18
      25
      13
      20
      18
      14
      13
      11
      10
      11
      12
       4
       4
       5
       5
       6
       2
      10
       1
       0
       2
       0
       2
       0
       3
       1
       1
       0
       1
       1
       0
       0
       0
       0
       1
       1
       0
       0
       0
       0
       0
       0
       0
       0
       0
       0
       1
       1
       0
       0
       1
       0
       0
       0
       0
       1
       0
       1
       0
       0
       0
       0
       0
       0
       0
       0
       0
       0
       0
       0
       0
       1
       0
       0
       0
       1
       0
       0
       0
       0
       0
       0
       0
       0
       0
       0
       0
       0
       1
       0
       0
       0
       0
       0
       0
       0
       0
       0
       0
       0
       0
       0
       0
       0
       0
       1
       0
       0
       0
       0
       0
       1
       0
       0
       0
       0
       1
       0
       0
       1
       0
       1
       0
       0
       0
       0
       0
       0
       0
       0
       0
       0
       0
       0
       0
       0
       0
       0
       0
       0
       0
       1
       1
       1
       0
       0
       0
       0
       0
       0
       0
       0
       0
       0
       0
       0
       0
       0
       0
       1
       0
       0
       0
       0
       0
       0
       0
       0
       0
       0
       0
       0
       0
       0
       0
       0
       0
       0
       0
       0
       0
       1
       0
       1
       0
       0
       0
       0
       0
       0
       0
       0
       0
       0
       0
       0
       0
       0
       0
       0
       0
       0
       0
       0
       0
       0
       0
       0
       0
       0
       0
       0
       0
       0
       0
       0
       0
       0
       0
       0
       0
       0
       0
       0
       0
       1
       0
       0
       0
       0
       0
       1
       0
       0
       0
       0
       0
       0
       0
       0
       0
       0
       0
       0
       0
       0
       0
       0
       0
       0
       0
       0
       0
       0
       0
       0
       0
       0
       0
       0
       0
       0
       0
       0
       1
       0
       0
       0
       0
       0
       1
       1
       0
       0
       0
       0
       1
       0
       0
       1
       0
       0
       0
       0
       0
       1
       0
       0
       0
       1
       0
       0
       0
       0
       0
       0
       0
       0
       0
       0
       0
       0
       0
       0
       1
       0
       0
       0
       0
       0
       0
       0
       0
       0
       0
       0
       0
       1
       0
       0
       0
       0
       0
       0
       0
       0
       0
       0
       0
       0
       0
       0
       0
       0
       0
       0
       0
       1
       0
       0
       0
       0
       0
       0
       0
       0
       0
       0
       0
       0
       0
       0
       0
       0
       0
       0
       0
       0
       0
       0
       0
       0
       0
       0
       0
       0
       0
       0
       0
       0
       0
       0
       0
       0
       0
       0
       0
       0
       0
       0
       1
       0
       0
       0
       1
       0
       0
       0
       0
       0
       0
       0
       0
       0
       0
       0
       0
       0
       0
       0
       0
       0
       0
       0
       0
       0
       0
       0
       0
       0
       0
       0
       0
       0
       0
       0
       0
       0
       0
       0
       0
       0
       1
       0
       0
       0
       0
       0
       0
       0
       0
       0
       0
       1
       0
       0
       0
       0
       0
       0
       0
       0
       0
       0
       0
       0
       0
       0
       0
       0
       0
       0
       0
       0
       0
       0
       0
       0
       1
       1
       0
       0
       0
       0
       0
       0
       0
       0
       0
       1
       0
       0
       0
       0
       0
       0
       0
       0
       1
       0
       0
       0
       0
       0
       0
       0
       0
       0
       0
       0
       0
       1
       0
       0
       0
       0
       0
       0
       1
       0
       0
       0
       0
       0
       0
       0
       0
       0
       0
       0
       0
       0
       0
       0
       0
       0
       0
       0
       0
       0
       0
       0
       0
       0
       0
       0
       0
       0
       0
       0
       0
       0
       0
       0
       0
       1
       0
       0
       0
       0
       0
       0
       0
       0
       0
       0
       0
       0
       0
       0
       0
       0
       0
       0
       0
       0
       0
       0
       0
       0
       0
       0
       0
       0
       0
       0
       0
       0
       0
       0
       0
       0
       0
       0
       0
       0
       0
       1
       0
       0
       0
       0
       0
       0
       0
       0
       0
       0
       0
       0
       0
       0
       0
       0
       0
       0
       0
       0
       0
       0
       0
       0
       0
       0
       0
       0
       0
       0
       0
       0
       0
       0
       0
       0
       0
       0
       0
       0
       0
       0
       0
       0
       0
       0
       0
       0
$ROI:
1
298 401
$PRESETS:
Live Time
240
0
$ENER_FIT:
0.000000 0.000000
$MCA_CAL:
3
0.000000E+000 0.000000E+000 0.000000E+000 
$SHAPE_CAL:
3
0.000000E+000 0.000000E+000 0.000000E+000
