$SPEC_ID:
No sample description was entered.
$SPEC_REM:
DET# 17
DETDESC# WD011-05 Easy-MCA-8k SN 13260149
AP# Maestro Version 7.01
$DATE_MEA:
04/27/2017 11:41:19
$MEAS_TIM:
240 242
$DATA:
0 1023
       0
       0
       0
       0
       0
       0
       0
       0
       0
       0
       0
       0
       0
       0
       0
       0
       0
       0
       0
       0
       0
       0
       0
       0
       0
       0
       0
     107
     382
     266
     196
     179
     159
     190
     155
     149
     127
     127
     161
     142
     150
     139
     167
     131
     149
     158
     163
     182
     141
     172
     148
     152
     151
     162
     166
     162
     152
     176
     137
     142
     149
     144
     148
     145
     159
     163
     156
     163
     158
     147
     168
     175
     159
     144
     141
     157
     144
     151
     152
     145
     133
     144
     192
     169
     176
     175
     136
     154
     179
     175
     164
     169
     191
     176
     182
     152
     152
     146
     184
     161
     177
     166
     169
     155
     179
     163
     165
     144
     138
     129
     152
     145
     149
     148
     144
     133
     138
     126
     118
     134
     148
     133
     123
     118
     122
     124
     124
     121
     115
      94
     128
      97
     129
     101
      92
     114
      97
      88
     110
      95
     106
      86
      86
      97
     102
      91
      89
      77
      85
      89
      91
      93
      70
      86
      85
      90
      78
      89
      80
      74
      77
      83
      88
      71
      90
      79
      86
      84
      75
      76
      73
      85
      68
      85
     100
      79
      82
      83
      83
      83
      80
      99
      67
      78
      76
      75
      59
      70
      90
      59
      66
      75
      76
      84
      64
      78
      95
      94
      74
      72
      80
      80
      69
      82
      79
      74
      69
      81
      72
      72
      81
      51
      93
      83
      68
      93
      98
      89
      79
      80
      90
      77
      82
      87
      70
      78
      78
      73
      63
      79
      80
      74
      71
      70
      60
      73
      70
      55
      71
      67
      54
      58
      55
      52
      59
      55
      37
      53
      33
      43
      46
      40
      28
      27
      21
      36
      28
      31
      26
      27
      34
      15
      26
      22
      15
      18
      20
      21
      20
      13
      12
      16
       2
      17
      13
       3
      12
      15
      13
      15
       9
      10
       7
      10
      15
      10
      11
      13
       6
      17
       7
       8
       8
      10
       7
      12
       8
       5
       9
      11
       5
       7
       4
      10
       5
       8
       8
       5
      10
       9
       8
      11
       9
       5
      14
      15
      12
      13
       8
      12
      10
      18
      22
      22
      21
      13
      23
      26
      28
      24
      30
      35
      42
      30
      35
      42
      45
      61
      58
      63
      70
      70
      87
      69
      53
      67
      91
      71
      88
      99
      88
      77
     109
      90
     106
     105
      95
     104
      85
      96
      98
     123
      79
      93
      73
      81
      67
      84
      76
      67
      60
      63
      56
      55
      38
      53
      44
      39
      33
      30
      28
      33
      22
      30
      22
      23
      12
      13
      13
      13
      11
       3
       6
       8
       2
       2
       8
       3
       4
       3
       2
       1
       2
       2
       1
       0
       0
       0
       3
       0
       0
       3
       1
       1
       1
       0
       0
       0
       0
       0
       0
       0
       0
       0
       0
       0
       0
       0
       0
       0
       0
       0
       0
       0
       1
       0
       0
       0
       0
       0
       0
       0
       0
       0
       0
       1
       1
       0
       0
       0
       1
       0
       0
       0
       0
       0
       0
       0
       0
       0
       1
       0
       1
       0
       1
       0
       0
       0
       0
       1
       0
       0
       0
       0
       0
       0
       0
       0
       0
       0
       0
       0
       0
       1
       1
       0
       0
       0
       0
       0
       1
       0
       0
       0
       0
       0
       0
       0
       0
       0
       0
       0
       0
       0
       0
       0
       0
       0
       0
       0
       0
       0
       0
       0
       0
       0
       0
       0
       0
       0
       2
       0
       1
       0
       0
       0
       0
       0
       0
       0
       0
       0
       0
       0
       0
       0
       0
       0
       0
       0
       0
       0
       0
       0
       0
       0
       0
       0
       1
       0
       0
       0
       1
       0
       0
       0
       1
       0
       0
       0
       0
       0
       0
       0
       1
       0
       0
       0
       0
       0
       0
       0
       0
       1
       0
       0
       0
       0
       0
       1
       0
       0
       0
       0
       0
       0
       0
       0
       0
       0
       0
       0
       0
       0
       0
       0
       0
       0
       2
       0
       0
       0
       0
       0
       0
       0
       0
       0
       0
       0
       0
       0
       0
       0
       0
       0
       0
       0
       0
       0
       0
       0
       0
       0
       0
       0
       0
       0
       1
       0
       0
       0
       0
       0
       0
       0
       0
       0
       0
       0
       0
       0
       0
       0
       1
       0
       0
       0
       0
       0
       0
       0
       0
       1
       0
       0
       0
       0
       0
       0
       0
       0
       0
       0
       0
       0
       0
       0
       0
       0
       1
       0
       0
       0
       2
       0
       0
       0
       1
       0
       1
       0
       0
       1
       0
       0
       0
       0
       0
       0
       0
       0
       0
       0
       0
       0
       0
       0
       0
       1
       0
       0
       0
       0
       1
       0
       0
       0
       0
       0
       0
       1
       0
       0
       0
       0
       0
       0
       0
       0
       0
       0
       0
       0
       0
       0
       0
       0
       1
       0
       0
       0
       0
       0
       0
       0
       0
       0
       0
       0
       0
       0
       0
       0
       0
       0
       0
       0
       0
       1
       0
       0
       0
       0
       0
       1
       0
       0
       0
       1
       0
       0
       0
       0
       0
       0
       0
       0
       0
       0
       0
       0
       0
       0
       0
       0
       0
       1
       0
       0
       0
       0
       0
       0
       0
       0
       0
       0
       0
       0
       0
       0
       0
       0
       0
       0
       0
       0
       0
       0
       0
       0
       0
       0
       0
       0
       0
       0
       0
       0
       0
       0
       0
       0
       0
       0
       0
       0
       0
       0
       0
       0
       0
       0
       0
       0
       0
       0
       0
       0
       0
       0
       0
       1
       1
       0
       0
       0
       0
       0
       0
       1
       0
       0
       0
       0
       0
       0
       0
       0
       0
       0
       0
       0
       0
       0
       0
       1
       0
       0
       0
       0
       0
       0
       0
       0
       0
       0
       0
       1
       0
       0
       0
       0
       0
       0
       0
       0
       0
       0
       0
       0
       0
       0
       0
       0
       0
       0
       0
       0
       0
       0
       0
       0
       0
       0
       0
       0
       0
       0
       0
       0
       0
       0
       0
       0
       0
       0
       0
       0
       0
       0
       0
       0
       0
       0
       0
       0
       0
       0
       0
       0
       0
       0
       0
       0
       0
       0
       0
       0
       0
       0
       1
       0
       0
       0
       0
       0
       0
       0
       0
       0
       0
       0
       0
       0
       0
       0
       0
       0
       0
       0
       0
       0
       0
       0
       0
       0
       0
       0
       0
       0
       0
       0
       0
       0
       0
       0
       0
       0
       0
       0
       0
       0
       0
       0
       0
       0
       0
       0
       0
       0
       0
       1
       0
       0
       0
       0
       0
       0
       0
       0
       0
       0
       0
       0
       0
       0
       0
       0
       0
       0
       0
       0
       0
       0
       0
       0
       0
       0
       0
       0
       0
       0
       0
       0
       0
       0
       0
       0
       0
       0
       0
       0
$ROI:
1
298 401
$PRESETS:
Live Time
240
0
$ENER_FIT:
0.000000 0.000000
$MCA_CAL:
3
0.000000E+000 0.000000E+000 0.000000E+000 
$SHAPE_CAL:
3
0.000000E+000 0.000000E+000 0.000000E+000
