$SPEC_ID:
No sample description was entered.
$SPEC_REM:
DET# 17
DETDESC# WD011-05 Easy-MCA-8k SN 13260149
AP# Maestro Version 7.01
$DATE_MEA:
04/27/2017 11:54:05
$MEAS_TIM:
240 242
$DATA:
0 1023
       0
       0
       0
       0
       0
       0
       0
       0
       0
       0
       0
       0
       0
       0
       0
       0
       0
       0
       0
       0
       0
       0
       0
       0
       0
       0
       0
     114
     377
     217
     185
     141
     123
     130
     131
     122
     121
     135
     123
     121
     149
     143
     127
     123
     143
     117
     133
     106
     122
     129
     144
     128
     144
     125
     150
     148
     116
     131
     117
     137
     145
     155
     133
     170
     149
     144
     116
     129
     117
     152
     128
     133
     143
     151
     108
     136
     126
     135
     154
     120
     149
     139
     122
     118
     123
     133
     129
     181
     149
     159
     147
     172
     154
     163
     153
     137
     161
     145
     177
     152
     121
     151
     137
     150
     135
     124
     133
     126
     120
     128
     141
     124
     131
      97
     125
     110
     124
     105
     103
     114
     111
     109
     100
     110
     104
     115
     107
     102
     100
      78
      96
     100
      98
      95
     105
      88
      79
     102
      78
      74
      79
      89
      82
      93
      69
      77
      84
      71
      69
      68
      69
      78
      71
      74
      65
      71
      69
      86
      68
      63
      61
      54
      67
      69
      76
      71
      75
      60
      75
      55
      62
      61
      68
      64
      58
      77
      60
      53
      64
      67
      68
      50
      66
      71
      62
      62
      66
      73
      66
      61
      64
      60
      60
      59
      67
      61
      53
      50
      60
      55
      81
      58
      62
      66
      62
      67
      83
      76
      63
      61
      58
      57
      80
      72
      61
      74
      70
      57
      75
      70
      59
      60
      64
      56
      62
      65
      61
      65
      56
      64
      58
      71
      63
      39
      45
      56
      52
      55
      56
      49
      44
      41
      36
      32
      39
      27
      41
      36
      35
      38
      31
      33
      34
      34
      27
      34
      33
      26
      18
      24
      15
      20
      25
      22
      13
      15
      16
      15
      15
       7
       8
      13
       9
      15
      10
      15
      11
       7
       3
       6
       7
       9
      12
       8
       7
       7
       8
       2
       3
      12
       4
       6
       4
       1
       6
       4
       5
       3
       7
       2
       8
       7
       9
      12
       9
       8
       6
       6
       6
      16
       6
       9
       6
       7
       6
       6
      10
       8
      12
       6
       7
      16
      14
       9
      18
      24
      22
      23
      23
      27
      26
      36
      37
      36
      32
      43
      29
      52
      40
      44
      68
      49
      61
      46
      64
      53
      77
      64
      72
      83
      75
      84
      77
      82
      82
      67
      78
      92
      75
      72
      73
      67
      67
      66
      66
      61
      59
      40
      57
      42
      51
      30
      43
      30
      29
      43
      34
      21
      21
      23
      23
      17
      24
      25
      13
      12
      12
       9
       6
      10
       6
       8
       7
       4
       7
       2
       1
       2
       3
       3
       1
       0
       0
       1
       0
       0
       0
       0
       0
       0
       0
       0
       1
       0
       0
       0
       0
       0
       0
       0
       0
       0
       0
       0
       1
       0
       0
       0
       0
       0
       0
       0
       0
       0
       1
       0
       0
       1
       0
       0
       0
       1
       0
       0
       0
       0
       0
       0
       0
       0
       1
       0
       0
       0
       0
       0
       0
       0
       0
       0
       1
       0
       1
       1
       0
       1
       0
       0
       0
       0
       0
       0
       0
       0
       0
       0
       0
       1
       1
       0
       0
       0
       0
       1
       0
       0
       0
       0
       0
       0
       0
       0
       0
       0
       0
       0
       0
       0
       0
       0
       0
       1
       0
       0
       0
       0
       1
       0
       0
       0
       0
       0
       0
       0
       0
       0
       0
       0
       0
       0
       0
       0
       0
       0
       0
       1
       0
       0
       0
       0
       0
       0
       0
       0
       0
       1
       0
       0
       0
       0
       0
       0
       0
       0
       1
       0
       0
       0
       0
       0
       0
       0
       0
       0
       0
       0
       0
       0
       0
       0
       0
       1
       0
       0
       0
       1
       0
       0
       0
       0
       0
       0
       0
       0
       1
       0
       0
       0
       0
       0
       0
       0
       0
       0
       0
       0
       1
       0
       1
       0
       0
       0
       0
       0
       0
       0
       0
       0
       0
       0
       0
       0
       0
       0
       0
       0
       0
       2
       1
       0
       0
       0
       0
       0
       0
       0
       0
       0
       0
       0
       1
       0
       0
       0
       0
       0
       0
       0
       0
       0
       0
       0
       0
       0
       0
       1
       0
       1
       1
       0
       0
       0
       0
       1
       0
       1
       0
       0
       0
       0
       0
       0
       0
       0
       0
       1
       0
       0
       0
       0
       0
       0
       0
       0
       1
       0
       0
       0
       0
       0
       0
       0
       0
       0
       1
       0
       0
       0
       0
       1
       0
       0
       0
       0
       1
       0
       0
       0
       0
       1
       0
       0
       0
       0
       0
       0
       0
       0
       0
       0
       0
       0
       0
       0
       0
       0
       0
       0
       0
       0
       0
       0
       0
       0
       0
       0
       1
       0
       0
       0
       0
       1
       0
       0
       0
       0
       0
       0
       1
       0
       0
       0
       0
       0
       0
       0
       0
       0
       0
       0
       0
       0
       0
       0
       0
       0
       0
       0
       0
       0
       0
       0
       0
       0
       1
       0
       0
       0
       1
       0
       0
       0
       0
       0
       0
       0
       0
       0
       0
       0
       0
       0
       0
       0
       0
       0
       0
       0
       0
       0
       0
       0
       0
       0
       0
       0
       0
       0
       0
       1
       0
       0
       0
       0
       0
       0
       0
       0
       0
       0
       0
       0
       0
       0
       0
       0
       0
       0
       0
       0
       0
       1
       0
       0
       0
       0
       0
       0
       0
       0
       0
       0
       0
       0
       0
       0
       0
       0
       0
       0
       0
       0
       0
       0
       0
       0
       0
       0
       0
       0
       0
       0
       0
       1
       0
       0
       0
       0
       0
       0
       0
       0
       0
       0
       0
       0
       0
       0
       0
       0
       0
       0
       0
       0
       0
       0
       0
       0
       0
       0
       0
       0
       0
       0
       0
       0
       0
       0
       0
       0
       0
       0
       0
       0
       0
       0
       0
       0
       0
       0
       0
       0
       0
       0
       0
       0
       0
       0
       0
       0
       0
       0
       0
       0
       0
       0
       0
       0
       0
       0
       0
       0
       0
       1
       0
       0
       0
       0
       0
       0
       0
       0
       0
       0
       0
       0
       0
       1
       0
       0
       0
       0
       0
       0
       0
       0
       0
       0
       0
       0
       1
       0
       0
       0
       0
       0
       0
       0
       0
       0
       0
       0
       0
       0
       0
       0
       0
       0
       0
       0
       0
       0
       0
       0
       0
       0
       0
       0
       0
       0
       0
       0
       0
       0
       0
       0
       0
       0
       0
       0
       0
       0
       0
       0
       0
       0
       0
       0
       0
       0
       0
       0
       0
       0
       0
       0
       0
       0
       0
       0
       0
       0
       0
       0
       0
       0
       0
       0
       0
       0
       0
       0
       0
       0
       0
       0
       0
       0
       0
       0
       0
       0
       0
       0
$ROI:
1
298 401
$PRESETS:
Live Time
240
0
$ENER_FIT:
0.000000 0.000000
$MCA_CAL:
3
0.000000E+000 0.000000E+000 0.000000E+000 
$SHAPE_CAL:
3
0.000000E+000 0.000000E+000 0.000000E+000
