$SPEC_ID:
No sample description was entered.
$SPEC_REM:
DET# 17
DETDESC# WD011-05 Easy-MCA-8k SN 13260149
AP# Maestro Version 7.01
$DATE_MEA:
04/27/2017 12:04:50
$MEAS_TIM:
240 242
$DATA:
0 1023
       0
       0
       0
       0
       0
       0
       0
       0
       0
       0
       0
       0
       0
       0
       0
       0
       0
       0
       0
       0
       0
       0
       0
       0
       0
       0
       0
     105
     361
     247
     186
     155
     155
     158
     143
     145
     130
     144
     137
     133
     146
     144
     149
     145
     135
     144
     144
     130
     142
     140
     152
     149
     143
     155
     158
     164
     163
     166
     158
     154
     162
     143
     144
     156
     151
     138
     170
     154
     146
     136
     153
     133
     152
     142
     152
     156
     118
     141
     161
     142
     150
     143
     143
     165
     142
     184
     170
     147
     164
     172
     187
     189
     167
     156
     160
     164
     150
     158
     157
     157
     144
     156
     171
     167
     154
     158
     136
     156
     131
     143
     156
     140
     134
     128
     146
     137
     105
     138
     107
     133
     135
     110
     113
     110
     101
      86
     114
     109
     136
     113
      99
     114
      98
      96
      88
      81
     113
      88
     109
     101
      88
     100
      93
      88
      89
      80
      82
      88
      82
      81
      84
      64
      76
      75
      88
      67
      80
     108
      73
      67
      75
      89
      67
      76
      68
      69
      70
      77
      68
      64
      73
      60
      88
      74
      75
      66
      68
      76
      72
      64
      59
      70
      58
      61
      70
      70
      63
      59
      72
      71
      72
      80
      70
      75
      70
      60
      85
      76
      76
      66
      68
      84
      75
      90
      93
      64
      81
      60
      74
      70
      80
      73
      88
      83
      72
      75
      77
      73
      70
      84
      77
      88
      62
      79
      70
      64
      67
      82
      74
      64
      83
      58
      62
      58
      65
      59
      70
      55
      63
      47
      61
      58
      42
      55
      43
      40
      37
      34
      39
      30
      30
      25
      32
      38
      20
      37
      27
      24
      32
      30
      27
      19
      15
      15
      11
       8
       8
      20
      14
      14
       8
      16
      17
      13
      11
       8
       6
      13
       8
      11
      11
       8
      10
      13
      11
       9
      11
       9
      11
       8
       6
       7
      11
       5
       4
       8
       3
       4
       7
       8
       9
       9
       5
      10
       4
       7
       7
       9
       6
      12
       1
      13
       6
       8
       5
       3
       7
       6
      11
      14
      15
      13
      12
      17
      24
      26
      22
      22
      25
      28
      29
      39
      44
      42
      52
      65
      47
      49
      69
      50
      59
      61
      57
      64
      89
      76
      78
      80
      84
      95
      72
      96
      73
     100
      92
     104
     110
      99
     101
      83
      77
      84
      83
      58
      73
      81
      56
      60
      42
      44
      56
      59
      38
      48
      33
      48
      38
      26
      29
      22
      18
      26
      17
      15
      21
      13
      12
      10
       6
      11
       6
       9
       5
       6
       5
       3
       5
       1
       6
       2
       1
       0
       1
       0
       3
       0
       0
       0
       1
       0
       0
       0
       0
       0
       0
       1
       0
       0
       0
       0
       0
       0
       0
       0
       0
       0
       0
       0
       0
       1
       0
       1
       0
       0
       0
       0
       0
       0
       0
       0
       1
       0
       0
       0
       1
       0
       0
       0
       0
       2
       0
       0
       0
       1
       0
       0
       0
       0
       0
       0
       0
       0
       0
       0
       0
       0
       0
       0
       0
       0
       0
       1
       0
       2
       0
       0
       0
       0
       0
       0
       0
       0
       0
       0
       0
       0
       0
       0
       0
       0
       0
       0
       0
       0
       0
       0
       0
       1
       0
       0
       1
       0
       0
       0
       0
       0
       0
       2
       1
       0
       0
       0
       0
       0
       0
       0
       0
       0
       1
       1
       0
       0
       0
       0
       0
       0
       1
       1
       0
       0
       1
       0
       0
       1
       0
       0
       0
       1
       0
       1
       0
       0
       0
       1
       0
       0
       0
       0
       0
       0
       0
       0
       0
       1
       0
       0
       0
       0
       1
       0
       1
       0
       0
       0
       0
       0
       0
       0
       0
       0
       0
       0
       0
       0
       0
       0
       0
       0
       1
       0
       0
       0
       0
       0
       0
       0
       1
       0
       0
       0
       0
       0
       0
       0
       0
       0
       0
       1
       0
       0
       0
       1
       0
       0
       0
       0
       0
       0
       0
       0
       0
       0
       0
       0
       0
       0
       0
       0
       0
       0
       1
       0
       0
       0
       0
       0
       0
       0
       0
       0
       0
       0
       0
       0
       0
       1
       0
       1
       0
       0
       0
       0
       1
       0
       0
       0
       0
       0
       0
       0
       0
       0
       0
       0
       0
       0
       0
       0
       0
       0
       0
       1
       0
       0
       0
       0
       0
       0
       0
       0
       0
       0
       0
       0
       0
       1
       0
       0
       0
       1
       0
       0
       0
       0
       0
       0
       0
       1
       0
       0
       0
       0
       0
       0
       0
       0
       0
       0
       0
       0
       0
       0
       0
       0
       0
       0
       0
       0
       0
       0
       0
       0
       0
       0
       0
       0
       1
       0
       0
       0
       0
       0
       0
       1
       0
       0
       0
       0
       0
       0
       0
       0
       0
       0
       0
       0
       0
       0
       0
       0
       0
       1
       0
       0
       0
       0
       0
       0
       0
       0
       0
       0
       0
       0
       0
       0
       0
       0
       0
       0
       0
       0
       0
       0
       0
       0
       0
       0
       0
       0
       0
       0
       0
       0
       0
       0
       0
       0
       0
       0
       0
       0
       0
       0
       0
       0
       0
       0
       0
       0
       0
       0
       0
       0
       0
       0
       0
       0
       0
       0
       0
       0
       1
       0
       0
       0
       0
       0
       0
       1
       0
       0
       0
       0
       0
       0
       0
       0
       0
       0
       0
       0
       0
       0
       0
       0
       0
       0
       0
       0
       0
       0
       0
       0
       0
       0
       1
       1
       0
       0
       0
       0
       0
       0
       0
       0
       0
       1
       0
       0
       0
       0
       0
       0
       0
       0
       0
       0
       0
       0
       0
       0
       0
       1
       0
       0
       0
       0
       0
       0
       0
       0
       0
       0
       0
       0
       0
       0
       0
       0
       0
       1
       0
       1
       0
       1
       0
       0
       0
       0
       0
       0
       0
       0
       0
       0
       0
       0
       0
       0
       0
       0
       0
       0
       0
       0
       0
       0
       0
       0
       0
       0
       0
       0
       0
       0
       0
       0
       0
       0
       0
       0
       0
       0
       0
       0
       0
       0
       0
       0
       0
       0
       0
       0
       0
       0
       0
       0
       0
       0
       0
       0
       0
       0
       0
       0
       0
       0
       0
       0
       0
       0
       0
       0
       0
       0
       0
       1
       0
       0
       0
       0
       0
       0
       0
       0
       0
       0
       0
       0
       0
       0
       0
       0
       0
       0
       0
       0
       0
       0
       0
       0
       0
       0
       0
       0
       0
       0
       0
       0
       0
       0
       0
       0
       0
       0
       0
       0
       0
       0
       0
       0
       0
       0
       0
       0
       0
       0
       0
       0
       0
       0
       0
       0
       0
       0
       0
       0
       0
       0
       0
       0
       0
       0
$ROI:
1
298 401
$PRESETS:
Live Time
240
0
$ENER_FIT:
0.000000 0.000000
$MCA_CAL:
3
0.000000E+000 0.000000E+000 0.000000E+000 
$SHAPE_CAL:
3
0.000000E+000 0.000000E+000 0.000000E+000
