$SPEC_ID:
No sample description was entered.
$SPEC_REM:
DET# 17
DETDESC# WD011-05 Easy-MCA-8k SN 13260149
AP# Maestro Version 7.01
$DATE_MEA:
04/27/2017 11:28:21
$MEAS_TIM:
240 242
$DATA:
0 1023
       0
       0
       0
       0
       0
       0
       0
       0
       0
       0
       0
       0
       0
       0
       0
       0
       0
       0
       0
       0
       0
       0
       0
       0
       0
       0
       1
     108
     319
     246
     204
     151
     151
     142
     169
     149
     135
     154
     149
     166
     168
     139
     151
     158
     151
     153
     148
     127
     155
     154
     149
     155
     135
     147
     151
     145
     139
     158
     157
     164
     129
     150
     143
     146
     157
     177
     156
     148
     113
     145
     147
     198
     165
     156
     161
     152
     148
     138
     140
     148
     113
     138
     144
     156
     163
     137
     175
     156
     159
     143
     162
     177
     166
     165
     146
     168
     166
     171
     164
     166
     168
     159
     173
     151
     144
     164
     143
     156
     162
     135
     148
     163
     130
     144
     130
     153
     125
     132
     134
     130
     126
     126
     123
     126
     108
     117
     138
     135
     129
     125
     105
     107
     125
     115
     101
      97
     122
     110
     118
      96
      91
     108
     109
     100
     111
      89
      85
      87
      94
      89
      90
      72
      89
      84
      96
      93
      77
      77
      69
      91
      86
      69
      80
      67
      76
      72
      67
      93
      67
      78
      71
      57
      77
      63
      74
      74
      73
      74
      83
      84
      85
      83
      70
      82
      76
      80
      76
      71
      69
      72
      84
      69
      58
      86
      81
      82
      61
      82
      85
      69
      82
      82
      70
      93
      59
      63
      73
      75
      69
      86
      66
      64
      74
      76
      66
      68
      82
      64
      74
      72
      74
      74
      76
      77
      57
      78
      68
      83
      72
      76
      74
      90
      81
      92
      70
      85
      88
      72
      50
      78
      72
      77
      73
      88
      80
      60
      65
      70
      50
      62
      77
      67
      44
      58
      48
      51
      45
      53
      47
      52
      50
      38
      38
      37
      24
      22
      30
      29
      22
      33
      29
      24
      19
      15
      23
      24
      16
      15
      13
      18
      17
      15
      16
      12
      11
      15
      17
      10
       9
      14
      14
       8
      13
      11
      10
       9
      16
       6
      16
      10
       9
      19
       6
      10
       8
       6
       7
       8
       9
      12
       9
       8
       7
       5
      11
       9
       7
       3
       9
       5
       9
       2
       6
       3
       6
      10
      14
       4
      12
      14
       7
       8
      12
      12
       7
      10
       9
      10
      17
      22
      13
      21
      26
      23
      31
      25
      27
      38
      43
      26
      43
      46
      41
      47
      65
      63
      52
      78
      80
      70
      75
      74
      85
      72
      99
     102
      64
     111
     108
     108
     108
      99
     106
      95
      85
      91
     104
      95
      78
      67
      70
      83
      80
      79
      69
      58
      51
      59
      63
      47
      55
      43
      51
      32
      43
      28
      24
      31
      22
      15
      26
      19
      10
      15
      14
      13
       7
       9
       6
      14
       3
       8
       6
       4
       4
       2
       3
       4
       4
       4
       3
       1
       0
       2
       2
       1
       3
       1
       2
       1
       2
       0
       2
       0
       0
       1
       0
       0
       1
       1
       0
       0
       0
       0
       0
       0
       0
       0
       0
       0
       0
       0
       0
       0
       0
       0
       0
       0
       1
       0
       0
       0
       0
       1
       0
       0
       0
       1
       1
       0
       0
       0
       0
       0
       0
       0
       1
       0
       0
       0
       1
       0
       1
       0
       0
       1
       0
       0
       0
       0
       0
       0
       0
       0
       0
       0
       0
       0
       1
       0
       1
       0
       0
       0
       0
       1
       1
       0
       0
       0
       1
       1
       0
       0
       0
       0
       0
       0
       0
       0
       1
       0
       0
       0
       0
       0
       0
       0
       0
       0
       2
       0
       0
       0
       0
       0
       1
       1
       0
       0
       0
       0
       0
       2
       1
       1
       0
       0
       0
       0
       0
       0
       1
       0
       0
       0
       0
       0
       0
       0
       0
       1
       0
       0
       1
       0
       1
       0
       1
       0
       1
       0
       0
       0
       0
       0
       0
       0
       0
       0
       0
       0
       0
       1
       0
       0
       0
       1
       0
       0
       0
       1
       0
       0
       0
       0
       0
       1
       0
       0
       0
       1
       0
       0
       0
       0
       0
       0
       0
       0
       0
       0
       0
       0
       0
       0
       0
       0
       0
       0
       1
       0
       0
       0
       0
       1
       0
       0
       0
       0
       0
       0
       0
       0
       0
       0
       0
       0
       0
       0
       0
       0
       0
       0
       1
       0
       1
       0
       0
       0
       0
       0
       0
       1
       0
       0
       0
       0
       0
       0
       0
       0
       0
       0
       0
       0
       0
       0
       1
       0
       0
       0
       0
       1
       0
       0
       0
       0
       0
       1
       0
       0
       0
       2
       0
       0
       0
       0
       0
       1
       1
       0
       0
       0
       0
       0
       0
       0
       0
       0
       0
       1
       0
       1
       0
       0
       0
       0
       0
       0
       0
       0
       0
       0
       0
       0
       0
       0
       0
       0
       0
       0
       0
       1
       0
       0
       2
       0
       1
       0
       0
       0
       0
       0
       0
       0
       0
       0
       0
       0
       0
       0
       0
       0
       0
       0
       0
       0
       0
       0
       0
       0
       0
       1
       0
       0
       0
       0
       0
       0
       0
       0
       0
       0
       2
       0
       1
       0
       0
       0
       0
       0
       0
       0
       1
       0
       0
       0
       0
       0
       0
       0
       0
       0
       0
       0
       0
       0
       0
       0
       0
       0
       0
       0
       0
       0
       0
       0
       0
       0
       0
       0
       0
       0
       0
       0
       0
       0
       0
       0
       0
       0
       0
       0
       0
       0
       0
       0
       0
       0
       1
       0
       0
       0
       0
       0
       0
       0
       0
       0
       0
       0
       0
       0
       0
       0
       0
       0
       0
       0
       0
       0
       0
       0
       0
       0
       0
       0
       0
       0
       0
       0
       0
       0
       0
       0
       0
       0
       0
       1
       0
       0
       0
       0
       0
       0
       0
       0
       0
       0
       0
       1
       1
       0
       0
       0
       0
       0
       0
       0
       0
       0
       0
       0
       0
       0
       0
       0
       0
       0
       0
       0
       0
       0
       0
       0
       0
       0
       0
       0
       0
       0
       0
       0
       1
       0
       0
       0
       0
       1
       0
       0
       0
       0
       0
       0
       0
       0
       0
       0
       0
       0
       0
       0
       0
       0
       0
       0
       0
       0
       0
       0
       0
       0
       0
       0
       0
       0
       0
       0
       0
       0
       0
       0
       0
       0
       0
       0
       0
       0
       0
       0
       0
       0
       0
       0
       0
       0
       0
       0
       0
       0
       0
       0
       0
       0
       0
       0
       0
       0
       0
       0
       0
       0
       0
       0
       0
       0
       0
       0
       0
       0
       0
       0
       0
       0
       0
       0
       0
       0
       0
       0
       0
       0
       0
       0
       0
       0
       0
       0
       0
       0
       0
       0
       0
       0
       0
       0
       0
       0
       0
       0
       0
       0
       0
       0
       0
       0
       0
       0
       0
       0
       0
       0
$ROI:
1
315 429
$PRESETS:
Live Time
240
0
$ENER_FIT:
0.000000 0.000000
$MCA_CAL:
3
0.000000E+000 0.000000E+000 0.000000E+000 
$SHAPE_CAL:
3
0.000000E+000 0.000000E+000 0.000000E+000
