$SPEC_ID:
No sample description was entered.
$SPEC_REM:
DET# 17
DETDESC# WD011-05 Easy-MCA-8k SN 13260149
AP# Maestro Version 7.01
$DATE_MEA:
05/16/2017 09:41:18
$MEAS_TIM:
240 245
$DATA:
0 1023
       0
       0
       0
       0
       0
       0
       0
       0
       0
       0
       0
       0
       0
       0
       0
       0
       0
       0
       0
       0
       0
       0
       0
       0
       0
       0
       0
       0
       0
       0
       0
     302
     960
     586
     393
     257
     222
     192
     177
     160
     179
     175
     138
     167
     148
     160
     166
     152
     162
     169
     173
     174
     180
     156
     176
     185
     177
     175
     166
     150
     172
     155
     153
     191
     169
     155
     158
     178
     154
     149
     157
     141
     151
     145
     139
     172
     172
     155
     160
     148
     170
     165
     146
     171
     191
     174
     172
     145
     166
     188
     177
     154
     186
     168
     169
     187
     186
     166
     171
     169
     155
     160
     137
     171
     164
     159
     154
     161
     167
     141
     129
     130
     162
     122
     136
     123
     127
     138
     133
     127
     137
     120
     135
     104
     112
     103
     103
     107
      95
     107
     104
      90
      89
     103
     103
      96
     104
      99
     106
      86
     102
      89
      93
      94
      80
      92
      98
      90
      79
      80
      86
      90
      83
      79
      89
      93
      83
     109
      86
      77
      83
      85
      80
      76
      85
      76
      83
      95
      98
      91
      91
      86
      72
      94
      83
      79
      79
      79
      79
      96
      78
      69
      73
      52
      81
     110
      91
      90
      86
      82
      73
      94
      78
      91
      87
      76
      78
      83
      95
      75
      97
      54
      79
      71
      98
      85
      79
      86
      80
      80
      77
      82
      91
      85
      70
      69
      60
      82
      85
      77
      80
      61
      75
      75
      58
      64
      60
      64
      53
      57
      65
      61
      52
      49
      47
      43
      48
      45
      38
      32
      38
      36
      27
      27
      37
      32
      27
      31
      26
      25
      26
      20
      10
      20
      18
      12
      21
      14
      18
      17
      17
      16
      14
      13
      13
      11
      13
       5
       7
      13
       8
      12
       9
      12
       9
       8
      14
       9
       6
      10
      14
      10
       9
       3
       9
       9
       9
       2
       5
      11
       7
       7
      15
      10
       5
       7
       7
      10
      19
       4
      18
      11
      15
      18
      21
      23
      17
      20
      23
      26
      24
      29
      21
      27
      35
      29
      38
      46
      41
      58
      49
      50
      52
      49
      74
      75
      53
      76
      76
      82
      87
      83
      91
      92
      87
      74
      80
      81
      92
      84
      93
      89
      87
     100
      98
      83
      79
      75
      64
      72
      70
      65
      84
      63
      53
      58
      44
      45
      43
      47
      43
      37
      32
      34
      36
      21
      22
      20
      16
      15
      12
       7
       6
      19
       5
       9
      10
       9
       4
       7
       5
       7
       7
       3
       2
       1
       1
       0
       0
       1
       2
       1
       0
       0
       0
       1
       0
       0
       2
       0
       0
       0
       0
       0
       0
       0
       0
       0
       0
       1
       0
       1
       0
       0
       0
       0
       1
       0
       0
       0
       0
       0
       0
       1
       0
       0
       0
       0
       0
       0
       0
       0
       1
       0
       0
       0
       0
       0
       0
       0
       1
       1
       1
       0
       0
       0
       1
       0
       0
       0
       1
       0
       0
       0
       1
       0
       0
       0
       0
       0
       0
       1
       0
       0
       0
       0
       0
       0
       0
       0
       2
       1
       0
       0
       0
       0
       0
       0
       0
       0
       0
       0
       0
       0
       0
       0
       0
       0
       0
       0
       0
       0
       1
       0
       0
       0
       0
       0
       0
       0
       0
       0
       0
       0
       0
       0
       0
       0
       2
       0
       0
       0
       0
       0
       0
       0
       1
       0
       0
       0
       0
       0
       0
       0
       0
       0
       0
       0
       1
       0
       0
       0
       0
       0
       1
       1
       0
       0
       0
       1
       0
       0
       0
       0
       1
       0
       0
       0
       0
       0
       0
       0
       0
       0
       0
       0
       0
       0
       0
       0
       1
       0
       0
       0
       0
       0
       0
       0
       0
       1
       0
       0
       0
       0
       1
       0
       0
       0
       0
       1
       0
       0
       0
       0
       0
       1
       0
       0
       0
       1
       0
       0
       0
       0
       0
       0
       0
       0
       0
       1
       0
       0
       0
       1
       0
       0
       0
       0
       0
       0
       0
       0
       0
       0
       0
       0
       0
       0
       0
       1
       0
       0
       0
       0
       0
       0
       0
       0
       0
       0
       1
       0
       0
       1
       0
       0
       0
       0
       0
       0
       0
       0
       0
       0
       0
       0
       1
       0
       0
       0
       0
       0
       0
       0
       0
       0
       0
       0
       0
       0
       0
       1
       0
       0
       0
       0
       0
       0
       0
       0
       0
       1
       0
       0
       0
       0
       0
       0
       0
       1
       0
       0
       0
       0
       0
       0
       0
       0
       0
       0
       2
       0
       0
       0
       0
       1
       0
       0
       0
       0
       0
       0
       0
       0
       0
       0
       0
       0
       0
       0
       0
       0
       0
       0
       1
       0
       0
       0
       0
       0
       1
       0
       0
       0
       0
       0
       0
       0
       0
       0
       0
       0
       0
       0
       1
       0
       0
       0
       0
       0
       0
       0
       0
       0
       0
       0
       0
       0
       0
       0
       0
       0
       0
       0
       0
       0
       0
       0
       0
       1
       0
       0
       0
       0
       0
       0
       0
       0
       0
       0
       0
       0
       0
       0
       0
       0
       0
       0
       0
       0
       0
       0
       0
       0
       0
       0
       0
       0
       0
       0
       0
       0
       0
       0
       0
       0
       0
       0
       0
       0
       0
       0
       0
       0
       1
       0
       0
       0
       0
       0
       0
       0
       0
       0
       0
       0
       0
       0
       0
       0
       0
       0
       0
       0
       0
       0
       0
       0
       0
       0
       0
       0
       1
       0
       0
       0
       0
       0
       0
       0
       0
       0
       0
       0
       1
       0
       0
       1
       0
       0
       0
       0
       0
       0
       0
       0
       0
       0
       0
       0
       0
       0
       0
       0
       0
       0
       0
       0
       0
       0
       0
       0
       1
       0
       0
       0
       0
       0
       0
       0
       0
       0
       0
       0
       0
       0
       1
       0
       0
       0
       0
       0
       0
       0
       0
       0
       0
       0
       0
       0
       0
       0
       0
       0
       0
       0
       0
       0
       0
       0
       0
       0
       0
       0
       0
       0
       0
       0
       0
       0
       0
       0
       0
       0
       0
       0
       0
       0
       0
       0
       0
       0
       0
       0
       0
       0
       0
       0
       0
       0
       0
       0
       0
       0
       0
       0
       0
       0
       0
       0
       0
       0
       0
       0
       0
       0
       0
       0
       0
       0
       0
       0
       0
       0
       1
       0
       0
       0
       0
       0
       0
       0
       0
       0
       0
       0
       0
       0
       0
       0
       0
       0
       0
       0
       0
       0
       0
       0
       0
       0
       0
       0
       0
       0
       0
       0
       0
       0
       0
       0
       0
       0
       0
       0
       0
       0
       0
       0
       0
       0
       0
       0
       0
       0
       0
       0
       0
       0
       0
       0
       0
       0
       0
       0
$ROI:
1
285 393
$PRESETS:
Live Time
240
0
$ENER_FIT:
0.000000 0.000000
$MCA_CAL:
3
0.000000E+000 0.000000E+000 0.000000E+000 
$SHAPE_CAL:
3
0.000000E+000 0.000000E+000 0.000000E+000
