$SPEC_ID:
No sample description was entered.
$SPEC_REM:
DET# 17
DETDESC# WD011-05 Easy-MCA-8k SN 13260149
AP# Maestro Version 7.01
$DATE_MEA:
05/16/2017 10:03:51
$MEAS_TIM:
1800 1833
$DATA:
0 1023
       0
       0
       0
       0
       0
       0
       0
       0
       0
       0
       0
       0
       0
       0
       0
       0
       0
       0
       0
       0
       0
       0
       0
       0
       0
       0
       0
       0
       0
       0
       0
    1688
    4491
    2392
    1278
     680
     383
     218
     160
     154
     132
     118
     131
     119
     143
     137
     133
     140
     128
     130
      99
     135
     100
      98
     119
     113
     127
     111
     111
     105
     110
      95
     128
     101
     109
     114
      97
      72
      91
      97
      93
      92
     101
      96
      73
      82
      67
      72
      54
      55
      65
      56
      72
      73
      60
      58
      57
      57
      55
      55
      60
      53
      62
      38
      50
      43
      38
      33
      40
      44
      43
      40
      42
      41
      29
      33
      24
      26
      28
      25
      31
      26
      34
      25
      25
      27
      18
      13
      27
      29
      16
      29
      18
      20
      21
      14
      26
      18
      14
      16
      12
      16
      17
      17
      12
      15
      20
      12
       7
       7
      17
       8
      13
      10
      10
       8
      16
       7
      14
      10
       5
      10
       7
       9
      11
      11
       8
      10
       7
      14
      11
      12
       6
       7
       6
       7
       9
      13
       7
       7
       8
       5
       4
       8
       1
       6
       3
       7
      11
       5
       7
       8
       6
       4
       3
       2
       5
       6
       2
       9
       9
       5
       5
       9
       3
       4
       4
      12
       4
       6
       4
       5
       6
       8
      10
       8
       1
       2
       2
       3
       4
       3
       3
       7
       4
       4
       1
       2
       7
       5
       0
       5
       1
       3
       3
       3
       3
       8
       3
       7
       4
       0
       1
       6
       5
       2
       2
       7
       2
       1
       3
       3
       0
       3
       3
       2
       2
       4
       1
       1
       6
       3
       6
       4
       0
       3
       5
       3
       0
       1
       3
       4
       0
       5
       4
       0
       2
       0
       1
       3
       1
       4
       4
       4
       2
       1
       2
       2
       3
       2
       5
       7
       1
       4
       4
       4
       3
       0
       2
       4
       1
       3
       2
       3
       4
       1
       1
       5
       3
       5
       4
       3
       1
       2
       4
       3
       1
       1
       2
       1
       2
       1
       2
       2
       0
       2
       4
       4
       4
       2
       1
       2
       1
       2
       4
       2
       4
       4
       2
       1
       2
       3
       2
       3
       0
       2
       5
       0
       3
       2
       2
       0
       0
       2
       4
       1
       0
       4
       1
       2
       2
       1
       3
       1
       2
       2
       2
       2
       2
       3
       1
       0
       2
       1
       1
       0
       3
       0
       0
       5
       3
       1
       1
       1
       2
       0
       1
       0
       1
       1
       2
       1
       1
       1
       1
       1
       1
       2
       2
       1
       1
       1
       1
       1
       0
       1
       3
       1
       2
       1
       0
       3
       1
       4
       0
       1
       3
       1
       2
       1
       0
       1
       1
       1
       1
       1
       0
       1
       0
       0
       0
       1
       2
       1
       1
       5
       0
       0
       1
       0
       2
       0
       1
       1
       1
       2
       1
       0
       0
       1
       2
       2
       0
       0
       2
       1
       0
       1
       1
       1
       3
       2
       0
       0
       1
       1
       1
       3
       2
       1
       1
       1
       1
       0
       2
       0
       2
       2
       6
       1
       1
       0
       0
       1
       2
       2
       2
       0
       2
       1
       1
       1
       2
       1
       1
       4
       2
       2
       1
       2
       0
       1
       0
       2
       0
       2
       3
       1
       3
       1
       0
       1
       0
       3
       1
       1
       1
       0
       2
       2
       1
       2
       1
       2
       1
       1
       2
       0
       2
       3
       0
       2
       3
       0
       2
       0
       3
       0
       2
       2
       2
       2
       1
       2
       1
       2
       2
       0
       3
       4
       1
       2
       0
       1
       1
       2
       1
       1
       1
       2
       0
       0
       0
       1
       0
       0
       1
       0
       1
       1
       0
       1
       0
       0
       0
       2
       1
       1
       2
       2
       0
       2
       0
       0
       1
       0
       0
       0
       0
       2
       0
       2
       0
       0
       0
       0
       0
       0
       0
       1
       0
       0
       2
       0
       0
       0
       1
       1
       0
       0
       1
       0
       1
       0
       0
       3
       1
       0
       0
       0
       1
       0
       2
       0
       1
       0
       0
       0
       2
       0
       3
       1
       0
       1
       3
       0
       1
       0
       2
       1
       1
       0
       0
       0
       2
       1
       0
       2
       1
       1
       2
       1
       2
       2
       0
       2
       1
       0
       0
       0
       1
       2
       0
       1
       1
       2
       0
       1
       0
       2
       0
       0
       1
       2
       1
       0
       1
       0
       0
       1
       2
       0
       1
       3
       2
       0
       3
       1
       0
       0
       1
       0
       0
       0
       3
       0
       0
       1
       1
       0
       0
       1
       1
       0
       3
       1
       0
       2
       0
       1
       4
       0
       0
       0
       0
       3
       0
       0
       0
       1
       0
       0
       0
       2
       0
       1
       0
       0
       0
       1
       0
       1
       0
       0
       1
       1
       1
       1
       0
       1
       0
       0
       0
       0
       1
       1
       0
       1
       0
       1
       0
       0
       1
       0
       0
       0
       0
       0
       1
       0
       1
       1
       2
       1
       0
       0
       0
       0
       1
       2
       1
       0
       0
       1
       2
       0
       0
       0
       0
       0
       1
       0
       1
       0
       1
       0
       1
       0
       0
       1
       0
       2
       2
       2
       0
       2
       0
       0
       0
       0
       0
       0
       1
       0
       1
       0
       0
       1
       1
       0
       0
       0
       0
       1
       0
       0
       0
       0
       0
       1
       0
       0
       0
       1
       0
       0
       0
       0
       0
       3
       0
       0
       0
       0
       0
       1
       1
       1
       0
       0
       1
       1
       0
       0
       0
       1
       1
       1
       0
       0
       0
       0
       0
       0
       0
       0
       2
       0
       1
       0
       1
       0
       0
       0
       1
       0
       0
       0
       1
       0
       1
       1
       2
       0
       0
       0
       0
       0
       0
       1
       1
       0
       0
       1
       0
       0
       0
       1
       1
       1
       0
       1
       3
       0
       1
       0
       0
       0
       0
       0
       2
       0
       0
       0
       0
       0
       0
       0
       0
       0
       0
       0
       0
       0
       0
       0
       0
       0
       0
       0
       0
       1
       0
       0
       0
       0
       0
       1
       0
       0
       0
       1
       1
       0
       0
       0
       0
       0
       0
       0
       0
       0
       0
       1
       0
       0
       0
       0
       0
       0
       0
       1
       0
       1
       0
       0
       0
       0
       0
       0
       0
       0
       0
       0
       0
       0
       0
       0
       0
       0
       1
       0
       1
       1
       0
       0
       0
       0
       0
       1
       0
       0
       0
       0
       0
       0
       1
       0
       0
       0
       0
       1
       1
       0
       0
       0
       0
       1
       0
       0
       0
       0
       0
       1
       0
       1
       0
       0
       1
       0
       0
       0
       0
       0
       0
       0
       0
       0
       0
       0
       0
       0
       0
       0
       0
       0
       0
       0
       0
       0
       0
       0
       0
       0
$ROI:
1
303 408
$PRESETS:
Live Time
1800
0
$ENER_FIT:
0.000000 0.000000
$MCA_CAL:
3
0.000000E+000 0.000000E+000 0.000000E+000 
$SHAPE_CAL:
3
0.000000E+000 0.000000E+000 0.000000E+000
