$SPEC_ID:
No sample description was entered.
$SPEC_REM:
DET# 17
DETDESC# WD011-05 Easy-MCA-8k SN 13260149
AP# Maestro Version 7.01
$DATE_MEA:
05/16/2017 09:18:03
$MEAS_TIM:
240 245
$DATA:
0 1023
       0
       0
       0
       0
       0
       0
       0
       0
       0
       0
       0
       0
       0
       0
       0
       0
       0
       0
       0
       0
       0
       0
       0
       0
       0
       0
       0
       1
       0
       0
       0
     379
     927
     582
     359
     285
     203
     185
     168
     138
     170
     154
     137
     163
     141
     152
     150
     135
     152
     138
     146
     184
     159
     157
     165
     167
     159
     160
     171
     154
     154
     126
     147
     182
     153
     157
     155
     172
     153
     145
     152
     139
     156
     171
     154
     174
     172
     168
     148
     129
     136
     179
     134
     150
     120
     167
     151
     155
     163
     169
     173
     175
     160
     176
     161
     193
     154
     178
     174
     168
     165
     143
     173
     183
     145
     177
     162
     175
     155
     141
     167
     137
     119
     131
     127
     145
     131
     127
     108
     121
     110
     122
     141
     127
     143
     103
     135
      94
     122
     128
     110
     117
     127
     113
     107
     113
     110
     101
      94
      93
     107
     100
      87
      93
     102
      91
      92
      85
      77
      95
      91
      81
     104
      83
      83
      76
     105
      88
      62
      89
      81
      78
      80
      81
      74
      64
      73
      70
      78
      80
      83
      73
      80
      74
      65
      73
      73
      79
      64
      83
      82
      73
      82
      92
      65
      66
      75
      58
      59
      72
      76
      71
      73
      74
      76
      75
      69
      75
      85
      73
      49
      73
      77
      74
      72
      82
      77
      77
      76
      63
      73
      80
      82
      75
      74
      73
      78
      60
      75
      97
      64
      73
      77
      70
      78
      79
      90
      63
      87
      74
      75
      82
      61
      68
      67
      81
      66
      58
      67
      50
      56
      72
      52
      56
      55
      51
      46
      45
      43
      45
      32
      42
      41
      30
      30
      30
      29
      29
      25
      27
      27
      15
      24
      26
      22
      23
      20
      23
      18
      17
      14
      10
      18
       9
       9
      17
      16
      11
      14
       5
      16
       9
       6
      14
      14
      11
       9
      13
      14
       8
       5
       6
       5
      10
       5
       5
       6
       8
       6
       6
      10
       8
       5
      10
      11
       8
       8
       9
       9
       9
      10
      10
      13
      14
       9
      11
       7
       8
      15
      13
      12
      20
      14
      17
      13
      25
      19
      24
      27
      20
      31
      34
      32
      44
      48
      48
      48
      61
      44
      53
      56
      71
      69
      66
      75
      70
      73
      84
     100
      95
      86
      81
      95
      97
      88
      95
     104
      94
      81
      98
      90
     104
      80
      66
      85
      79
      65
      67
      68
      57
      66
      56
      51
      49
      56
      42
      44
      43
      33
      35
      34
      20
      23
      19
      14
      27
      15
      16
       8
       9
      12
      15
       7
       9
       6
       4
       6
       4
       4
       4
       2
       2
       4
       4
       4
       3
       1
       3
       0
       0
       2
       1
       0
       0
       1
       2
       1
       0
       0
       0
       0
       1
       1
       0
       1
       0
       0
       1
       0
       1
       1
       0
       0
       0
       0
       0
       0
       0
       0
       0
       1
       0
       0
       0
       0
       0
       0
       0
       0
       0
       0
       0
       0
       0
       0
       0
       0
       0
       0
       0
       0
       0
       0
       0
       0
       0
       0
       0
       0
       0
       0
       0
       0
       0
       0
       0
       0
       0
       0
       0
       0
       0
       0
       0
       1
       0
       0
       0
       0
       0
       0
       0
       2
       0
       0
       0
       0
       0
       0
       1
       0
       0
       0
       0
       0
       0
       1
       0
       0
       0
       0
       0
       0
       0
       0
       0
       1
       0
       0
       1
       1
       0
       0
       0
       0
       0
       1
       0
       0
       0
       0
       0
       0
       0
       0
       0
       0
       1
       0
       1
       0
       0
       0
       0
       0
       0
       0
       0
       0
       0
       0
       0
       0
       0
       0
       0
       0
       0
       0
       0
       0
       0
       1
       0
       1
       0
       0
       0
       0
       0
       0
       0
       0
       0
       0
       0
       0
       0
       0
       0
       0
       0
       2
       0
       0
       0
       0
       1
       0
       0
       0
       1
       0
       0
       1
       0
       0
       0
       0
       0
       0
       1
       0
       0
       0
       0
       1
       1
       0
       0
       0
       0
       0
       1
       0
       0
       0
       0
       0
       0
       0
       0
       0
       0
       1
       0
       0
       1
       0
       0
       0
       0
       0
       0
       0
       0
       0
       0
       0
       0
       0
       0
       0
       0
       0
       0
       0
       0
       0
       1
       0
       0
       0
       0
       0
       1
       0
       0
       0
       0
       0
       0
       1
       0
       0
       0
       0
       0
       0
       0
       0
       0
       0
       0
       0
       1
       0
       0
       0
       1
       0
       1
       1
       0
       0
       0
       0
       0
       0
       0
       0
       1
       1
       1
       0
       0
       0
       1
       0
       0
       0
       0
       0
       0
       0
       0
       0
       0
       0
       0
       0
       0
       1
       0
       0
       0
       0
       0
       0
       0
       0
       0
       0
       0
       0
       0
       0
       0
       0
       0
       0
       0
       0
       0
       0
       0
       1
       0
       0
       0
       0
       0
       0
       0
       0
       0
       0
       0
       0
       0
       0
       0
       0
       0
       0
       0
       0
       0
       0
       0
       0
       0
       0
       0
       0
       0
       0
       0
       0
       0
       0
       0
       0
       0
       0
       0
       0
       0
       0
       0
       0
       0
       0
       0
       0
       0
       0
       0
       0
       0
       0
       0
       0
       0
       0
       0
       0
       0
       0
       0
       0
       0
       0
       0
       0
       0
       0
       0
       0
       0
       0
       0
       0
       0
       0
       0
       0
       0
       0
       0
       0
       0
       0
       0
       0
       0
       0
       0
       0
       0
       0
       0
       0
       0
       0
       0
       0
       0
       0
       0
       0
       0
       0
       0
       0
       0
       0
       0
       0
       0
       0
       0
       0
       1
       0
       1
       0
       0
       0
       0
       0
       0
       0
       0
       0
       0
       0
       0
       0
       0
       0
       0
       0
       0
       0
       0
       0
       0
       0
       0
       0
       0
       0
       0
       0
       0
       0
       0
       0
       0
       0
       0
       0
       0
       0
       0
       0
       0
       0
       0
       0
       0
       0
       0
       0
       0
       0
       0
       0
       0
       0
       0
       0
       0
       0
       0
       0
       0
       0
       0
       0
       0
       0
       0
       0
       0
       0
       0
       0
       0
       0
       0
       0
       0
       0
       0
       0
       0
       0
       0
       0
       0
       0
       0
       0
       0
       0
       0
       0
       0
       0
       0
       0
       0
       0
       0
       0
       0
       0
       0
       0
       0
       0
       0
       0
       0
       0
       0
       0
       0
       0
       0
       0
       0
       0
       0
       0
       0
       0
       0
       0
       0
       0
       0
       0
       0
       0
       0
       0
       0
       0
       0
       0
       0
       0
       0
       0
       0
       0
       0
       0
       0
       0
       0
       0
       0
       0
       0
       0
       0
       0
       0
       0
       0
       0
       0
       0
       0
       0
       0
       0
       0
       0
       0
$ROI:
1
302 418
$PRESETS:
Live Time
240
0
$ENER_FIT:
0.000000 0.000000
$MCA_CAL:
3
0.000000E+000 0.000000E+000 0.000000E+000 
$SHAPE_CAL:
3
0.000000E+000 0.000000E+000 0.000000E+000
