$SPEC_ID:
No sample description was entered.
$SPEC_REM:
DET# 17
DETDESC# WD011-05 Easy-MCA-8k SN 13260149
AP# Maestro Version 7.01
$DATE_MEA:
05/16/2017 09:08:16
$MEAS_TIM:
240 245
$DATA:
0 1023
       0
       0
       0
       0
       0
       0
       0
       0
       0
       0
       0
       0
       0
       0
       0
       0
       0
       0
       0
       0
       0
       0
       0
       0
       0
       0
       0
       0
       0
       0
       0
     377
    1145
     634
     428
     314
     223
     180
     169
     153
     174
     163
     138
     153
     163
     147
     135
     144
     133
     176
     162
     141
     138
     141
     161
     155
     150
     166
     170
     165
     151
     149
     162
     139
     155
     143
     145
     151
     165
     133
     134
     142
     127
     151
     144
     121
     169
     132
     135
     146
     161
     141
     138
     135
     152
     146
     154
     154
     160
     136
     166
     160
     149
     152
     158
     180
     145
     161
     153
     159
     141
     172
     147
     154
     146
     166
     145
     136
     140
     171
     148
     143
     126
     120
     133
     139
     156
     125
     137
     117
     136
     118
     106
     119
     117
     110
     123
     118
     106
      98
     114
     109
     105
     106
     103
     103
     121
      93
      85
      99
      94
     105
      93
      97
     106
      79
      88
     103
      80
      87
      80
      68
      93
      76
      81
      68
      78
      77
      78
      90
      72
      71
      66
      78
      82
      70
      81
      85
      84
      83
      62
      68
      77
      70
      79
      72
      77
      82
      68
      72
      86
      69
      70
      82
      76
      62
      62
      91
     100
      73
      54
      84
      73
      60
      71
      72
      80
      75
      80
      81
      75
      63
      81
      69
      72
      74
      71
      70
      78
      73
      71
      77
      98
      76
      75
      78
      87
      70
      69
      65
      57
      77
      65
      79
      63
      85
      85
      74
      74
      58
      70
      82
      63
      68
      72
      79
      63
      77
      70
      65
      62
      53
      60
      68
      53
      41
      65
      53
      43
      43
      32
      30
      30
      30
      36
      39
      33
      27
      36
      21
      29
      27
      20
      22
      20
      26
       9
      16
      16
      17
      11
      20
      18
       6
      11
      16
       9
      10
       8
       8
      13
       9
       6
      13
       9
      12
       3
       9
       7
       6
       8
       9
      10
      12
      11
       5
       8
       7
       6
      10
       4
       6
      10
      12
       8
       7
       8
       7
       6
       8
      12
       4
       2
      11
       7
       7
       9
       6
      11
      13
      14
      15
      21
      13
      21
      11
      17
      16
      22
      20
      35
      26
      30
      32
      29
      44
      36
      41
      41
      52
      52
      58
      57
      49
      70
      54
      70
      73
      86
      91
      71
      78
      86
      86
      90
      89
      92
     102
      91
      80
      92
      81
      94
      88
      85
      88
      96
      88
      61
      66
      61
      65
      61
      47
      53
      38
      46
      37
      34
      37
      28
      34
      29
      25
      27
      25
      16
      15
      16
      10
       8
      14
      11
       6
       7
       7
      11
       2
       2
       3
       8
       4
       3
       5
       2
       0
       0
       1
       0
       2
       0
       0
       0
       2
       0
       1
       0
       0
       0
       0
       0
       1
       0
       0
       0
       1
       0
       2
       0
       0
       0
       0
       0
       0
       0
       0
       1
       0
       1
       0
       0
       0
       1
       0
       0
       0
       0
       0
       1
       1
       0
       0
       0
       0
       0
       0
       0
       0
       1
       0
       0
       0
       0
       0
       0
       0
       0
       1
       0
       0
       0
       1
       1
       0
       0
       0
       0
       0
       0
       1
       0
       0
       0
       0
       0
       0
       0
       0
       0
       0
       0
       0
       0
       0
       0
       0
       0
       0
       0
       0
       0
       1
       0
       0
       0
       0
       0
       0
       0
       0
       0
       1
       0
       0
       0
       0
       0
       0
       0
       0
       0
       0
       0
       0
       0
       1
       0
       0
       0
       0
       0
       0
       0
       1
       0
       0
       0
       0
       0
       1
       1
       0
       0
       0
       0
       0
       0
       0
       0
       0
       0
       0
       0
       0
       0
       0
       0
       0
       0
       0
       0
       0
       1
       0
       0
       0
       0
       0
       0
       0
       0
       0
       0
       1
       0
       0
       0
       0
       0
       0
       0
       0
       0
       0
       0
       0
       0
       0
       0
       0
       1
       0
       0
       0
       0
       0
       0
       0
       0
       0
       0
       0
       0
       0
       0
       1
       0
       0
       0
       0
       0
       1
       0
       0
       0
       0
       1
       0
       1
       0
       0
       0
       0
       0
       0
       0
       0
       0
       1
       0
       0
       0
       0
       0
       0
       0
       0
       0
       0
       0
       0
       0
       0
       0
       0
       0
       0
       0
       1
       1
       0
       0
       0
       0
       0
       0
       0
       0
       0
       0
       0
       0
       0
       0
       0
       0
       0
       0
       0
       0
       0
       0
       0
       0
       0
       0
       0
       0
       0
       0
       0
       0
       0
       0
       0
       0
       0
       0
       0
       0
       0
       0
       0
       0
       0
       0
       1
       0
       0
       0
       0
       0
       0
       0
       1
       0
       1
       0
       0
       1
       0
       0
       0
       0
       0
       0
       0
       0
       0
       0
       0
       0
       0
       0
       0
       0
       0
       0
       0
       0
       0
       0
       0
       0
       0
       0
       0
       0
       0
       0
       0
       0
       0
       0
       0
       0
       0
       0
       0
       0
       0
       0
       0
       0
       0
       0
       0
       0
       0
       0
       0
       0
       0
       0
       0
       0
       0
       0
       0
       0
       0
       0
       0
       0
       0
       0
       0
       0
       0
       0
       0
       0
       0
       0
       0
       1
       0
       0
       0
       0
       1
       0
       0
       0
       0
       0
       0
       0
       0
       0
       0
       1
       1
       0
       0
       0
       0
       1
       0
       0
       0
       0
       0
       0
       0
       0
       0
       0
       0
       0
       0
       0
       0
       0
       0
       0
       0
       0
       0
       0
       0
       0
       0
       0
       0
       0
       0
       0
       0
       1
       0
       0
       0
       0
       0
       0
       0
       0
       0
       0
       0
       0
       0
       0
       1
       0
       0
       1
       0
       0
       0
       0
       0
       0
       0
       0
       0
       0
       0
       0
       0
       0
       1
       0
       0
       0
       0
       0
       0
       0
       0
       0
       0
       0
       0
       0
       0
       0
       0
       0
       0
       0
       0
       0
       0
       0
       0
       0
       0
       0
       0
       0
       0
       0
       0
       0
       0
       0
       0
       0
       0
       0
       0
       0
       0
       0
       0
       0
       0
       0
       0
       0
       0
       0
       0
       0
       0
       0
       0
       0
       0
       0
       0
       0
       0
       0
       0
       0
       0
       0
       0
       0
       0
       0
       0
       0
       0
       0
       0
       0
       0
       0
       0
       0
       0
       0
       0
       0
       0
       0
       0
       0
       0
       0
       0
       0
       0
       0
       0
       0
       0
       0
       0
       0
       0
       0
       0
       0
       0
       0
       0
       0
       0
       0
       0
       0
       0
       0
       0
       0
       0
       0
       0
       0
       0
       0
       0
       0
       0
       0
       0
       0
       0
       0
       0
       0
       0
       0
       0
       0
       0
       0
       0
       0
       0
       0
       0
       0
       0
       0
       0
       0
       0
       0
$ROI:
1
305 403
$PRESETS:
Live Time
240
0
$ENER_FIT:
0.000000 0.000000
$MCA_CAL:
3
0.000000E+000 0.000000E+000 0.000000E+000 
$SHAPE_CAL:
3
0.000000E+000 0.000000E+000 0.000000E+000
