$SPEC_ID:
No sample description was entered.
$SPEC_REM:
DET# 17
DETDESC# WD011-05 Easy-MCA-8k SN 13260149
AP# Maestro Version 7.01
$DATE_MEA:
05/16/2017 09:57:27
$MEAS_TIM:
240 244
$DATA:
0 1023
       0
       0
       0
       0
       0
       0
       0
       0
       0
       0
       0
       0
       0
       0
       0
       0
       0
       0
       0
       0
       0
       0
       0
       0
       0
       0
       0
       0
       0
       0
       0
     293
     773
     489
     315
     231
     171
     177
     153
     150
     137
     151
     153
     155
     148
     142
     176
     156
     137
     154
     166
     137
     130
     171
     157
     160
     159
     168
     156
     173
     144
     125
     162
     154
     132
     149
     166
     144
     141
     165
     142
     114
     160
     159
     132
     173
     139
     142
     143
     145
     158
     147
     140
     160
     167
     139
     156
     165
     171
     151
     127
     147
     174
     167
     145
     176
     171
     148
     154
     163
     138
     159
     140
     161
     151
     166
     129
     134
     125
     133
     120
     147
     138
     141
     128
     150
     121
     126
     127
     119
     118
     125
     130
     123
     123
     138
     144
     121
      99
     115
     102
     111
      97
     101
      98
     100
     112
      79
      86
      81
     100
      78
     100
      92
      84
      81
      74
      98
      86
     102
      71
      78
      86
      76
      77
      69
      58
      74
      69
      86
      90
      82
      87
      90
      71
      60
      67
      70
      64
      71
      76
      72
      88
      80
      63
      73
      53
      78
      77
      63
      75
      70
      74
      69
      81
      61
      76
      73
      71
      85
      68
      67
      70
      81
      59
      67
      62
      69
      84
      55
      76
      77
      75
      69
      79
      85
      84
      61
      76
      71
      75
      68
      88
      86
      73
      74
      83
      76
      70
      73
      68
      71
      68
      69
      68
      76
      88
      60
      79
      61
      59
      62
      68
      74
      60
      67
      61
      66
      60
      67
      53
      43
      50
      41
      42
      40
      35
      52
      43
      38
      38
      28
      29
      22
      31
      28
      33
      28
      22
      30
      26
      15
      16
      28
      20
      20
      19
      19
      12
      28
      12
      15
      14
      11
      12
      14
      13
       8
       8
       7
      13
       8
      10
      15
       6
      10
       9
      13
       6
       8
       5
       4
       5
       6
      12
       7
       9
       8
       3
       6
       6
       7
       7
       4
       3
       4
       8
       5
       7
      14
       6
      12
       7
       4
       9
       8
      12
      11
      21
      12
       9
      17
      19
      14
      17
      19
      22
      36
      28
      29
      30
      31
      43
      39
      47
      45
      52
      46
      42
      56
      64
      69
      75
      71
      64
      84
      84
      81
      65
      94
      88
      97
      83
     102
      70
      81
      92
      95
      96
      92
      70
      90
      74
      69
      77
      72
      72
      58
      56
      69
      64
      51
      53
      47
      50
      48
      47
      22
      29
      28
      24
      25
      21
      13
      11
      11
       9
       9
      17
       9
       7
       7
       9
       5
       6
       6
       8
       6
       1
       5
       2
       2
       4
       3
       3
       0
       2
       0
       0
       0
       0
       0
       1
       1
       0
       0
       1
       0
       1
       0
       1
       0
       0
       0
       1
       0
       0
       1
       0
       0
       0
       0
       0
       1
       0
       0
       0
       0
       1
       0
       0
       0
       0
       0
       0
       0
       0
       0
       0
       0
       0
       1
       0
       0
       0
       0
       0
       2
       0
       0
       0
       1
       0
       0
       0
       0
       0
       0
       0
       0
       0
       1
       0
       0
       0
       0
       0
       0
       0
       1
       0
       0
       0
       0
       0
       1
       0
       0
       0
       0
       0
       1
       0
       1
       0
       0
       0
       0
       1
       0
       2
       0
       1
       0
       0
       1
       0
       0
       1
       0
       0
       0
       0
       1
       0
       0
       1
       0
       0
       0
       0
       0
       0
       1
       0
       0
       0
       0
       0
       0
       1
       0
       0
       0
       0
       0
       0
       0
       0
       0
       0
       0
       0
       0
       0
       0
       0
       0
       0
       0
       0
       0
       0
       0
       0
       1
       0
       0
       0
       0
       2
       0
       0
       0
       0
       1
       0
       0
       0
       0
       0
       0
       0
       1
       0
       0
       0
       0
       0
       1
       0
       0
       0
       0
       0
       0
       0
       0
       0
       0
       0
       0
       0
       0
       0
       0
       0
       0
       0
       1
       0
       0
       0
       0
       0
       0
       0
       0
       0
       0
       0
       0
       0
       0
       0
       0
       0
       0
       0
       0
       0
       0
       0
       0
       0
       0
       0
       0
       0
       0
       0
       0
       0
       0
       0
       0
       0
       0
       0
       0
       0
       1
       0
       0
       0
       0
       0
       0
       0
       0
       0
       0
       0
       0
       0
       0
       0
       1
       0
       0
       0
       1
       0
       0
       0
       0
       0
       0
       0
       1
       0
       0
       0
       0
       1
       0
       0
       0
       0
       0
       0
       0
       0
       0
       0
       1
       0
       0
       0
       0
       0
       0
       0
       0
       0
       0
       0
       0
       0
       0
       0
       0
       0
       0
       0
       2
       0
       0
       0
       0
       0
       0
       0
       0
       0
       0
       0
       0
       0
       0
       0
       0
       0
       0
       0
       0
       0
       0
       1
       0
       0
       0
       0
       0
       0
       0
       0
       0
       0
       0
       0
       0
       0
       0
       0
       0
       0
       0
       0
       0
       0
       0
       0
       0
       0
       0
       0
       0
       0
       0
       0
       0
       0
       0
       0
       0
       0
       0
       0
       0
       1
       0
       0
       0
       1
       0
       0
       0
       0
       0
       0
       0
       0
       0
       0
       0
       0
       0
       0
       0
       0
       0
       0
       0
       0
       0
       0
       0
       0
       0
       0
       0
       0
       0
       0
       0
       0
       0
       0
       1
       0
       0
       0
       0
       0
       0
       0
       0
       0
       0
       0
       0
       0
       1
       0
       0
       0
       0
       1
       0
       0
       0
       0
       0
       0
       0
       0
       0
       0
       0
       0
       0
       0
       0
       0
       0
       0
       0
       0
       0
       0
       0
       0
       0
       0
       0
       0
       0
       0
       0
       0
       0
       0
       0
       0
       0
       0
       0
       0
       0
       0
       0
       0
       0
       0
       0
       0
       0
       0
       0
       0
       0
       0
       0
       0
       0
       0
       0
       0
       0
       0
       0
       0
       0
       0
       0
       0
       0
       0
       0
       0
       0
       0
       0
       0
       0
       0
       0
       0
       0
       0
       0
       0
       0
       0
       0
       0
       0
       0
       0
       0
       0
       0
       0
       0
       0
       0
       0
       0
       0
       0
       0
       0
       0
       0
       0
       0
       0
       0
       0
       0
       0
       0
       0
       0
       0
       0
       0
       0
       0
       0
       0
       0
       0
       0
       0
       0
       0
       0
       0
       0
       0
       0
       0
       0
       0
       0
       0
       0
       0
       0
       0
       0
       0
       0
       0
       0
       0
       0
       0
       0
       0
       0
       0
       0
       0
       0
       0
       0
       0
       0
       0
       0
       0
       0
       0
       0
       0
       0
       0
       0
       0
       0
       0
       0
       0
       0
       0
       0
       0
       0
       0
       0
       0
       0
       0
       0
       0
       0
       0
       0
       0
       0
       0
$ROI:
1
303 408
$PRESETS:
Live Time
240
0
$ENER_FIT:
0.000000 0.000000
$MCA_CAL:
3
0.000000E+000 0.000000E+000 0.000000E+000 
$SHAPE_CAL:
3
0.000000E+000 0.000000E+000 0.000000E+000
