$SPEC_ID:
No sample description was entered.
$SPEC_REM:
DET# 17
DETDESC# WD011-05 Easy-MCA-8k SN 13260149
AP# Maestro Version 7.01
$DATE_MEA:
05/16/2017 09:50:26
$MEAS_TIM:
240 245
$DATA:
0 1023
       0
       0
       0
       0
       0
       0
       0
       0
       0
       0
       0
       0
       0
       0
       0
       0
       0
       0
       0
       0
       0
       0
       0
       0
       0
       0
       0
       0
       0
       0
       0
     334
     855
     493
     346
     251
     219
     172
     146
     148
     152
     161
     150
     160
     159
     132
     152
     138
     156
     154
     143
     140
     137
     146
     147
     143
     164
     150
     166
     149
     129
     139
     168
     151
     156
     150
     155
     131
     147
     122
     145
     137
     150
     143
     135
     140
     140
     143
     148
     153
     116
     170
     129
     154
     163
     147
     153
     147
     170
     152
     152
     166
     152
     157
     168
     176
     152
     143
     141
     176
     158
     133
     135
     128
     149
     159
     144
     142
     123
     142
     135
     121
     131
     124
     128
     115
     132
     104
     117
     137
     110
     131
     103
     120
     119
      97
     109
     106
     111
     127
      93
     112
     119
      91
      96
     108
     103
      97
      89
      93
     102
      91
      86
      86
      87
      85
      89
      69
      80
      80
      85
      93
      77
      89
      77
      83
      69
      86
      72
      83
      85
      84
      59
      78
      85
      74
      78
      68
      69
      64
      73
      74
      76
      67
      73
      69
      87
      71
      57
      66
      78
      70
      75
      62
      83
      82
      87
      76
      69
      68
      62
      70
      91
      69
      84
      63
      74
      84
      87
      69
      83
      74
      83
      81
      87
      75
      80
      81
      65
      69
      70
      91
      72
      76
      74
      76
      79
      74
      95
      63
      75
      76
      76
      61
      68
      76
      74
      60
      62
      58
      58
      52
      52
      64
      49
      54
      54
      49
      48
      54
      44
      47
      39
      40
      30
      37
      32
      32
      30
      27
      22
      19
      26
      21
      28
      25
      22
      20
      24
      19
      15
      12
      15
      14
       5
       4
       9
       7
      13
      12
       8
      10
      11
       9
       9
      10
       6
       9
       9
       4
       8
       9
       7
       9
      11
       7
       6
       3
      10
       0
       4
       5
       3
       6
      10
       9
       6
       7
      12
       5
       8
       7
      10
      14
       7
       5
       7
      12
      11
      12
      14
      15
      14
      15
      16
      24
      27
      18
      24
      26
      19
      18
      33
      36
      37
      37
      26
      38
      57
      51
      49
      57
      55
      46
      58
      71
      68
      76
      87
      82
      78
      80
      80
      81
      78
      80
      92
      78
      82
      96
      83
      95
      99
      78
      75
      80
      70
      66
      57
      57
      66
      62
      50
      58
      55
      51
      38
      37
      37
      24
      29
      21
      24
      18
      26
      26
      11
      20
      11
      13
       7
       8
       6
       6
       3
       7
       8
       0
       3
       2
       3
       2
       3
       3
       1
       0
       0
       1
       1
       0
       2
       1
       0
       0
       0
       0
       0
       0
       1
       0
       1
       0
       0
       0
       0
       0
       1
       0
       0
       0
       0
       0
       0
       0
       0
       0
       0
       0
       0
       0
       0
       1
       0
       0
       0
       0
       0
       0
       1
       1
       0
       0
       0
       0
       0
       0
       0
       1
       0
       0
       0
       0
       0
       0
       0
       0
       0
       0
       0
       0
       0
       0
       0
       0
       0
       0
       0
       0
       2
       0
       0
       0
       0
       0
       0
       0
       0
       0
       0
       0
       0
       0
       0
       1
       0
       0
       0
       1
       1
       0
       1
       0
       0
       0
       0
       0
       0
       0
       0
       0
       0
       0
       0
       0
       0
       1
       0
       0
       0
       0
       1
       0
       0
       0
       0
       0
       0
       0
       0
       0
       1
       0
       0
       0
       0
       0
       0
       0
       0
       0
       0
       0
       0
       0
       0
       0
       0
       1
       1
       1
       0
       0
       1
       0
       0
       0
       0
       0
       0
       0
       0
       0
       0
       0
       0
       0
       0
       0
       0
       0
       0
       0
       0
       0
       0
       0
       1
       0
       0
       0
       0
       0
       0
       0
       0
       0
       0
       0
       0
       1
       0
       1
       0
       0
       0
       0
       0
       0
       0
       1
       0
       0
       0
       0
       0
       0
       0
       1
       0
       0
       0
       0
       0
       0
       0
       0
       0
       0
       0
       1
       0
       0
       0
       0
       0
       0
       0
       0
       0
       0
       0
       0
       0
       0
       0
       1
       0
       0
       0
       0
       0
       0
       0
       0
       0
       0
       0
       2
       0
       0
       0
       0
       0
       0
       0
       0
       0
       0
       0
       0
       0
       1
       0
       0
       0
       0
       0
       0
       0
       0
       0
       0
       0
       1
       1
       0
       0
       0
       0
       0
       0
       0
       0
       0
       0
       0
       0
       0
       0
       0
       0
       0
       0
       0
       0
       0
       0
       0
       0
       0
       0
       1
       0
       0
       0
       0
       0
       0
       0
       0
       0
       0
       0
       0
       0
       0
       0
       0
       0
       0
       0
       0
       0
       0
       0
       0
       0
       0
       0
       0
       0
       0
       0
       0
       0
       0
       0
       0
       0
       0
       0
       0
       1
       0
       0
       0
       0
       0
       0
       0
       0
       0
       0
       0
       0
       0
       0
       0
       0
       1
       0
       0
       0
       0
       0
       0
       0
       0
       0
       0
       0
       0
       0
       0
       0
       0
       0
       0
       1
       0
       0
       0
       0
       0
       0
       0
       0
       0
       0
       0
       0
       0
       0
       0
       0
       0
       0
       0
       0
       0
       0
       0
       0
       0
       0
       1
       0
       0
       0
       0
       0
       0
       0
       0
       0
       0
       0
       0
       0
       0
       0
       0
       0
       0
       0
       0
       0
       0
       0
       0
       0
       1
       0
       0
       0
       0
       0
       0
       0
       0
       0
       0
       0
       0
       0
       0
       1
       0
       0
       0
       0
       0
       0
       0
       0
       0
       0
       0
       0
       0
       0
       0
       0
       0
       0
       0
       0
       0
       0
       0
       0
       0
       0
       0
       0
       0
       0
       0
       1
       0
       0
       0
       0
       0
       0
       0
       0
       0
       0
       0
       0
       0
       0
       0
       0
       0
       0
       0
       0
       0
       0
       0
       0
       0
       0
       0
       0
       0
       0
       0
       0
       0
       0
       0
       0
       0
       0
       0
       0
       0
       0
       0
       0
       0
       0
       0
       0
       0
       0
       0
       0
       0
       0
       0
       0
       0
       0
       0
       0
       0
       0
       0
       0
       0
       0
       0
       0
       0
       0
       0
       0
       0
       0
       0
       0
       0
       0
       0
       0
       0
       0
       0
       0
       0
       0
       0
       0
       0
       0
       0
       0
       0
       0
       0
       0
       0
       0
       0
       0
       0
       0
       0
       0
       0
       0
       0
       0
       0
       0
       0
       0
       0
       0
       0
       0
       0
       0
       0
       0
       0
       0
       0
       0
       0
       0
       0
       1
       0
       0
       0
       0
       0
       0
       0
       0
       0
       0
       0
       0
       0
       0
       0
       0
       0
       0
       0
       0
       0
       0
       0
       0
       0
       0
       0
$ROI:
1
285 393
$PRESETS:
Live Time
240
0
$ENER_FIT:
0.000000 0.000000
$MCA_CAL:
3
0.000000E+000 0.000000E+000 0.000000E+000 
$SHAPE_CAL:
3
0.000000E+000 0.000000E+000 0.000000E+000
