$SPEC_ID:
No sample description was entered.
$SPEC_REM:
DET# 17
DETDESC# WD011-05 Easy-MCA-8k SN 13260149
AP# Maestro Version 7.01
$DATE_MEA:
05/16/2017 09:24:47
$MEAS_TIM:
240 244
$DATA:
0 1023
       0
       0
       0
       0
       0
       0
       0
       0
       0
       0
       0
       0
       0
       0
       0
       0
       0
       0
       0
       0
       0
       0
       0
       0
       0
       0
       0
       0
       0
       0
       0
     332
     853
     495
     330
     266
     180
     197
     173
     146
     129
     153
     133
     134
     117
     128
     153
     124
     137
     154
     123
     137
     145
     152
     150
     160
     156
     133
     168
     153
     131
     148
     141
     153
     144
     142
     140
     133
     134
     143
     146
     154
     135
     136
     145
     147
     140
     162
     145
     163
     138
     157
     155
     139
     176
     157
     155
     135
     166
     145
     185
     168
     151
     158
     170
     174
     164
     172
     170
     150
     166
     162
     143
     143
     151
     165
     148
     136
     151
     157
     143
     153
     134
     117
     114
     140
     127
     134
     135
     110
     125
     119
     127
     127
     113
     110
      97
     129
     106
     109
     101
     118
     104
     114
      94
      99
     123
     103
      98
      99
      94
      99
      93
      88
      93
      85
      96
      78
      87
      86
     105
      86
      82
      81
      98
      79
      61
      91
      90
      75
      84
      60
      77
      81
      78
      80
      66
      64
      77
      66
      72
      95
      70
      80
      82
      88
      64
      65
      71
      72
      73
      72
      58
      79
      62
      70
      69
      66
      79
      62
      70
      82
      83
      63
      80
      65
      83
      79
      83
      75
      72
      68
      62
      71
      83
      61
      85
      69
      67
      81
      57
      76
      68
      54
      87
      67
      83
      84
      75
      73
      78
      64
      91
      79
      71
      60
      78
      72
      84
      59
      53
      81
      64
      65
      62
      60
      76
      76
      69
      59
      63
      50
      75
      59
      62
      58
      55
      37
      57
      49
      58
      41
      43
      43
      32
      40
      32
      35
      38
      30
      36
      19
      23
      25
      31
      15
      13
      20
      12
      22
      10
      17
      16
      16
      17
      13
      16
      10
      13
      21
      15
      13
      14
       9
      12
       8
       7
       4
       6
      11
       5
      10
       7
       9
       7
      16
      10
       5
      11
       8
      10
       3
       8
       8
       7
       2
       2
       3
       4
       8
       6
       9
       5
      15
       6
       9
       9
      10
       8
       3
      11
       4
      12
      12
      22
       7
      14
      14
      15
      17
      19
      24
      22
      13
      19
      21
      36
      27
      35
      28
      36
      42
      45
      40
      47
      52
      57
      56
      68
      58
      57
      66
      68
      67
      73
      85
      76
      84
      82
      85
      91
      94
     100
     116
      85
      86
      81
      71
      85
      79
      76
      80
      70
      53
      53
      55
      61
      49
      44
      50
      52
      45
      42
      44
      26
      38
      23
      27
      29
      27
      23
      18
      16
      18
      14
       8
      14
      12
       7
       5
       5
       2
       1
       3
       3
       5
       1
       6
       4
       1
       4
       3
       2
       1
       0
       1
       0
       2
       0
       0
       1
       2
       0
       1
       0
       0
       0
       1
       0
       0
       0
       0
       1
       0
       0
       1
       0
       0
       0
       0
       0
       2
       0
       0
       0
       0
       0
       0
       0
       0
       0
       1
       0
       1
       0
       0
       2
       0
       0
       0
       0
       0
       1
       0
       0
       0
       0
       0
       0
       0
       0
       0
       0
       0
       0
       0
       1
       0
       1
       0
       0
       0
       0
       0
       0
       0
       1
       0
       0
       0
       1
       0
       1
       0
       0
       0
       1
       0
       0
       0
       0
       0
       0
       0
       0
       0
       0
       0
       0
       0
       0
       0
       0
       0
       0
       0
       0
       0
       1
       0
       0
       0
       0
       0
       0
       0
       0
       0
       0
       0
       0
       0
       1
       0
       0
       0
       0
       0
       0
       0
       0
       0
       0
       0
       0
       1
       0
       0
       0
       2
       0
       0
       1
       0
       0
       0
       0
       0
       0
       0
       0
       0
       1
       0
       0
       0
       0
       0
       0
       0
       0
       1
       0
       0
       0
       1
       0
       0
       2
       1
       0
       0
       0
       0
       0
       0
       0
       0
       0
       0
       0
       0
       0
       0
       1
       0
       0
       0
       0
       0
       0
       0
       0
       0
       0
       0
       0
       0
       0
       0
       0
       0
       0
       0
       0
       0
       2
       0
       0
       0
       0
       0
       0
       0
       0
       0
       0
       0
       0
       0
       1
       0
       0
       0
       0
       0
       0
       0
       0
       0
       0
       0
       0
       0
       0
       0
       0
       0
       0
       1
       0
       0
       0
       0
       0
       0
       0
       0
       0
       0
       0
       0
       0
       0
       0
       0
       0
       0
       0
       0
       0
       0
       0
       0
       1
       0
       1
       0
       0
       0
       0
       0
       0
       0
       0
       0
       0
       0
       0
       0
       0
       0
       0
       0
       0
       0
       1
       0
       1
       0
       0
       0
       1
       0
       0
       0
       0
       0
       1
       0
       0
       0
       0
       0
       0
       0
       0
       0
       1
       1
       0
       0
       0
       0
       0
       0
       1
       0
       0
       0
       0
       0
       0
       0
       0
       0
       0
       0
       0
       0
       0
       0
       0
       0
       0
       0
       0
       0
       0
       0
       0
       0
       0
       0
       0
       0
       0
       0
       0
       1
       0
       0
       0
       0
       0
       0
       0
       0
       0
       0
       0
       0
       1
       0
       1
       0
       0
       0
       0
       0
       0
       0
       0
       0
       0
       0
       0
       0
       0
       0
       0
       0
       0
       1
       0
       0
       0
       0
       0
       0
       0
       0
       0
       0
       0
       0
       1
       0
       0
       0
       0
       0
       0
       0
       0
       0
       0
       0
       0
       0
       0
       0
       0
       0
       0
       0
       0
       0
       0
       0
       0
       0
       0
       1
       0
       0
       0
       0
       0
       0
       0
       0
       0
       0
       0
       0
       0
       0
       0
       0
       0
       0
       0
       0
       0
       0
       1
       0
       0
       0
       0
       0
       0
       0
       0
       0
       0
       0
       0
       0
       0
       1
       0
       0
       0
       0
       0
       0
       0
       0
       0
       0
       0
       0
       1
       0
       0
       0
       0
       0
       0
       0
       0
       1
       0
       0
       0
       0
       0
       0
       0
       0
       0
       0
       0
       0
       0
       0
       0
       0
       0
       0
       0
       0
       0
       0
       0
       0
       0
       0
       0
       0
       0
       0
       0
       0
       0
       0
       0
       0
       0
       0
       0
       0
       0
       0
       1
       1
       0
       0
       0
       0
       0
       0
       0
       0
       0
       0
       0
       0
       0
       0
       0
       0
       0
       0
       0
       0
       0
       0
       0
       0
       0
       0
       0
       0
       0
       0
       0
       0
       0
       0
       0
       0
       0
       0
       0
       0
       0
       0
       0
       0
       0
       0
       0
       0
       0
       0
       0
       0
       0
       0
       0
       0
       1
       0
       0
       0
       0
       0
       0
       0
       0
       0
       0
       0
       0
       0
       0
       0
       0
       0
       0
       0
       0
       0
       0
       0
       0
       0
       0
       0
       0
       0
$ROI:
1
302 418
$PRESETS:
Live Time
240
0
$ENER_FIT:
0.000000 0.000000
$MCA_CAL:
3
0.000000E+000 0.000000E+000 0.000000E+000 
$SHAPE_CAL:
3
0.000000E+000 0.000000E+000 0.000000E+000
