$SPEC_ID:
No sample description was entered.
$SPEC_REM:
DET# 17
DETDESC# WD011-05 Easy-MCA-8k SN 13260149
AP# Maestro Version 7.01
$DATE_MEA:
05/22/2017 11:06:55
$MEAS_TIM:
240 244
$DATA:
0 1023
       0
       0
       0
       0
       0
       0
       0
       0
       0
       0
       0
       0
       0
       0
       0
       0
       0
       0
       0
       0
       0
       0
       0
       0
       0
       0
       0
       0
       0
       0
       0
       0
       0
       0
       0
       0
       0
       0
       0
     289
     439
     327
     280
     184
     180
     176
     182
     157
     127
     178
     163
     186
     164
     185
     183
     163
     136
     150
     187
     154
     157
     129
     167
     158
     165
     144
     141
     143
     163
     152
     167
     122
     151
     146
     162
     149
     143
     156
     146
     143
     143
     159
     173
     146
     169
     152
     168
     140
     163
     159
     158
     143
     154
     164
     161
     147
     158
     174
     149
     152
     150
     170
     157
     172
     112
     148
     143
     152
     126
     125
     128
     147
     136
     140
     127
     138
     132
     123
     105
     121
     141
     128
     107
     117
     115
      95
     107
     104
     122
     100
      90
     116
     100
      79
     108
      87
      73
     105
      94
      89
      97
      87
      93
      85
     105
     102
      79
      77
      86
      88
      81
      75
      78
      84
      91
      69
      71
      83
      80
      69
      75
      64
      80
      82
      67
      69
      70
      76
      90
      75
      84
      70
      76
      83
      87
      73
      66
      82
      89
      66
      76
     102
      75
      90
      80
      69
      83
      88
      71
      73
      68
      70
      66
      73
      87
      77
      89
      86
      69
      64
      77
      91
      81
      80
      83
      66
      67
      81
      84
      68
      80
      73
      65
      77
      72
      86
      67
      75
      79
      83
      82
      63
      73
      56
      63
      62
      58
      75
      50
      63
      55
      50
      55
      44
      52
      50
      53
      36
      58
      53
      39
      39
      34
      27
      30
      29
      30
      28
      30
      29
      28
      34
      17
      19
      17
      12
      20
      19
      19
      14
      15
      19
      15
      13
       8
      13
       9
      10
      11
      17
      12
      17
       5
      11
       8
       7
      13
      12
       6
       6
      12
       6
      12
       7
       8
      12
      10
      11
      10
       4
       7
       8
      12
       8
      12
       7
       7
       9
      10
      15
      12
      11
      15
      19
      13
      13
      17
      22
      14
      18
      26
      25
      18
      31
      38
      34
      34
      31
      40
      39
      38
      56
      41
      50
      45
      55
      69
      56
      56
      78
      87
      71
      78
      80
      78
      82
      80
     102
      90
      85
      90
      79
      96
      74
      83
      83
      75
      87
      84
      75
      72
      67
      84
      63
      73
      38
      56
      60
      52
      41
      38
      43
      43
      39
      42
      29
      26
      22
      21
      21
      13
      13
      12
      13
      14
       5
       9
       2
       5
       5
       3
       5
       7
       4
       4
       7
       6
       2
       2
       2
       1
       1
       1
       1
       0
       0
       0
       0
       1
       1
       0
       1
       0
       1
       0
       1
       0
       0
       0
       0
       0
       1
       1
       0
       0
       0
       1
       1
       0
       0
       0
       0
       0
       1
       0
       0
       0
       0
       0
       1
       0
       0
       0
       0
       1
       0
       0
       0
       0
       0
       0
       0
       0
       0
       1
       0
       1
       0
       0
       0
       0
       0
       0
       0
       0
       0
       0
       1
       0
       0
       0
       0
       1
       1
       0
       0
       0
       0
       0
       0
       0
       0
       0
       0
       0
       0
       0
       0
       0
       0
       0
       0
       0
       0
       0
       0
       0
       0
       0
       0
       0
       0
       0
       0
       0
       0
       0
       0
       0
       0
       0
       0
       0
       0
       0
       0
       0
       0
       0
       0
       0
       1
       0
       0
       0
       0
       0
       0
       0
       0
       0
       0
       1
       0
       0
       0
       0
       0
       0
       0
       0
       0
       0
       0
       0
       0
       0
       0
       1
       0
       1
       1
       0
       1
       0
       0
       0
       0
       0
       0
       0
       0
       0
       0
       1
       0
       0
       0
       0
       0
       0
       0
       0
       0
       0
       0
       0
       1
       0
       0
       0
       0
       0
       0
       0
       0
       0
       1
       0
       0
       0
       0
       0
       0
       0
       0
       0
       0
       0
       0
       0
       0
       0
       0
       0
       1
       0
       0
       0
       0
       1
       0
       0
       0
       0
       0
       0
       0
       0
       0
       0
       1
       0
       0
       0
       0
       0
       0
       1
       0
       0
       0
       0
       0
       0
       0
       0
       0
       0
       0
       0
       0
       0
       0
       0
       0
       1
       0
       0
       0
       0
       0
       1
       0
       0
       0
       0
       0
       0
       0
       0
       0
       0
       0
       0
       0
       0
       1
       0
       0
       0
       0
       0
       1
       1
       0
       0
       0
       0
       0
       0
       0
       0
       1
       0
       0
       0
       1
       0
       0
       0
       0
       0
       0
       0
       0
       0
       0
       0
       0
       0
       0
       0
       0
       0
       0
       0
       1
       0
       0
       0
       0
       0
       0
       0
       0
       0
       0
       0
       0
       0
       1
       0
       0
       0
       0
       0
       0
       0
       0
       0
       0
       0
       0
       0
       0
       0
       1
       0
       0
       0
       0
       0
       0
       0
       0
       0
       0
       0
       0
       0
       0
       0
       0
       0
       0
       0
       0
       0
       0
       1
       0
       0
       0
       0
       0
       0
       0
       0
       0
       0
       0
       0
       0
       0
       0
       0
       0
       0
       0
       0
       0
       0
       0
       0
       0
       0
       0
       0
       0
       0
       0
       0
       0
       0
       0
       0
       0
       0
       0
       0
       0
       1
       0
       0
       0
       0
       0
       0
       0
       1
       0
       1
       0
       0
       0
       0
       1
       0
       0
       0
       0
       0
       0
       0
       0
       0
       0
       1
       0
       1
       0
       0
       1
       0
       0
       0
       0
       0
       0
       1
       0
       0
       0
       0
       0
       0
       0
       0
       0
       0
       1
       0
       0
       0
       0
       0
       0
       0
       0
       0
       0
       1
       0
       0
       1
       0
       0
       0
       0
       0
       0
       0
       0
       0
       0
       0
       0
       0
       0
       0
       0
       0
       0
       0
       0
       0
       0
       0
       0
       0
       0
       0
       0
       0
       0
       0
       0
       0
       0
       0
       0
       0
       0
       0
       0
       0
       0
       0
       0
       0
       0
       0
       0
       0
       0
       0
       0
       0
       1
       1
       0
       0
       0
       0
       0
       0
       0
       0
       0
       0
       1
       0
       0
       0
       0
       0
       0
       1
       0
       0
       0
       0
       0
       0
       0
       0
       0
       0
       0
       0
       0
       0
       0
       0
       0
       0
       0
       0
       0
       0
       0
       0
       0
       0
       0
       0
       0
       0
       0
       0
       0
       0
       0
       0
       0
       0
       0
       0
       0
       0
       0
       0
       0
       0
       0
       0
       0
       0
       0
       0
       0
       0
       0
       0
       0
       0
       0
       0
       0
       0
       0
       0
       0
       0
       0
       0
       0
       0
       0
       0
       1
       0
       0
       0
       0
       0
       0
       0
       0
       0
       0
       0
       0
       0
       0
       0
       0
       0
       0
       0
       0
       0
       0
$ROI:
1
283 393
$PRESETS:
Live Time
240
0
$ENER_FIT:
0.000000 0.000000
$MCA_CAL:
3
0.000000E+000 0.000000E+000 0.000000E+000 
$SHAPE_CAL:
3
0.000000E+000 0.000000E+000 0.000000E+000
