$SPEC_ID:
No sample description was entered.
$SPEC_REM:
DET# 17
DETDESC# WD011-05 Easy-MCA-8k SN 13260149
AP# Maestro Version 7.01
$DATE_MEA:
05/22/2017 11:00:44
$MEAS_TIM:
240 244
$DATA:
0 1023
       0
       0
       0
       0
       0
       0
       0
       0
       0
       0
       0
       0
       0
       0
       0
       0
       0
       0
       0
       0
       0
       0
       0
       0
       0
       0
       0
       0
       0
       0
       0
       0
       0
       0
       0
       0
       0
       0
       1
     281
     520
     297
     254
     229
     179
     142
     138
     160
     152
     165
     137
     129
     160
     141
     144
     154
     143
     157
     150
     160
     152
     146
     157
     132
     157
     133
     130
     134
     146
     142
     131
     122
     124
     133
     126
     135
     138
     149
     154
     159
     151
     143
     165
     137
     158
     149
     118
     124
     139
     134
     143
     153
     137
     159
     144
     152
     141
     131
     150
     127
     167
     125
     140
     150
     156
     131
     132
     142
     125
     124
     138
     112
     119
     109
      95
     105
     133
     105
      96
     103
     111
     108
     111
     109
     105
      75
      93
     119
      71
      92
      93
     101
      81
      93
      81
      99
      82
      87
      95
      69
     100
      88
      86
      88
      70
      80
      77
      78
      77
      84
      78
      78
      67
      61
      83
      74
      74
      65
      73
      69
      73
      66
      64
      85
      67
      70
      83
      72
      73
      82
      68
      80
      73
      70
      81
      67
      68
      64
      76
      57
      70
      62
      55
      75
      73
      62
      64
      83
      67
      54
      80
      77
      72
      52
      76
      59
      75
      75
      64
      74
      76
      70
      68
      52
      87
      69
      90
      66
      66
      68
      74
      60
      75
      64
      71
      65
      59
      63
      70
      75
      60
      63
      60
      65
      67
      53
      50
      43
      39
      38
      52
      41
      38
      40
      37
      29
      40
      30
      34
      35
      27
      26
      19
      21
      27
      24
      20
      23
      21
      18
      17
      12
      17
      24
      22
      15
      10
      10
       8
      12
      10
      11
      18
      10
      14
       8
       5
      10
       6
      10
      10
      11
      13
      11
      10
       7
      11
       4
       6
       9
       6
       7
       7
       1
       6
      11
       6
       8
       8
       6
       4
       9
       8
       9
       9
      10
      16
      10
      12
      20
      16
      10
      18
      21
      27
      18
      18
      20
      18
      26
      39
      27
      30
      36
      37
      45
      31
      38
      38
      55
      57
      60
      55
      55
      50
      69
      74
      68
      87
      51
      67
      64
      67
      66
      65
      73
      84
      87
      67
      78
      81
      91
      61
      77
      47
      70
      53
      64
      43
      45
      48
      42
      57
      44
      35
      33
      43
      31
      41
      23
      30
      20
      19
      18
      10
      19
      12
      14
      16
      10
      10
       8
       7
       3
       2
       2
       4
       3
       0
       2
       0
       4
       4
       1
       1
       0
       2
       3
       2
       1
       0
       0
       0
       0
       1
       0
       1
       1
       0
       1
       0
       0
       0
       0
       0
       0
       0
       0
       0
       0
       0
       0
       1
       1
       0
       0
       0
       0
       0
       0
       0
       1
       0
       0
       1
       0
       0
       0
       0
       0
       1
       1
       0
       0
       0
       0
       1
       0
       0
       0
       0
       1
       0
       0
       0
       0
       0
       0
       0
       0
       0
       1
       0
       0
       1
       1
       0
       0
       0
       0
       0
       0
       0
       0
       0
       0
       0
       1
       0
       0
       0
       0
       0
       0
       0
       0
       0
       0
       0
       0
       0
       0
       1
       0
       0
       1
       0
       0
       0
       0
       0
       1
       0
       0
       0
       0
       0
       0
       0
       1
       0
       0
       0
       0
       0
       0
       0
       0
       0
       0
       0
       0
       0
       1
       0
       0
       0
       0
       0
       0
       0
       0
       0
       0
       0
       0
       0
       0
       0
       0
       0
       2
       0
       0
       0
       0
       1
       0
       0
       0
       0
       0
       0
       0
       0
       0
       0
       0
       0
       0
       0
       0
       0
       1
       0
       0
       0
       0
       0
       0
       0
       0
       0
       1
       0
       0
       0
       1
       0
       0
       1
       1
       0
       0
       0
       0
       0
       0
       0
       0
       0
       1
       0
       0
       0
       0
       1
       0
       0
       0
       0
       0
       1
       0
       0
       0
       0
       0
       0
       0
       0
       0
       0
       0
       0
       0
       0
       0
       0
       0
       0
       0
       0
       0
       0
       0
       0
       0
       0
       0
       0
       0
       0
       0
       1
       0
       0
       0
       0
       1
       0
       0
       0
       0
       0
       0
       0
       0
       0
       0
       0
       0
       0
       0
       0
       2
       0
       0
       0
       0
       0
       0
       0
       0
       0
       0
       0
       0
       0
       0
       0
       0
       0
       0
       0
       0
       0
       0
       0
       1
       0
       0
       0
       0
       0
       0
       0
       0
       0
       0
       0
       0
       0
       0
       0
       0
       0
       0
       0
       0
       1
       0
       0
       0
       0
       0
       0
       0
       0
       0
       0
       0
       0
       0
       0
       0
       0
       0
       0
       0
       0
       0
       1
       0
       0
       0
       0
       1
       0
       0
       0
       0
       0
       0
       0
       0
       0
       0
       0
       0
       0
       0
       0
       0
       0
       0
       0
       0
       0
       0
       0
       0
       0
       0
       0
       0
       0
       0
       0
       0
       0
       0
       0
       0
       0
       0
       0
       0
       0
       0
       0
       0
       0
       0
       0
       0
       0
       0
       0
       0
       0
       0
       0
       0
       1
       0
       0
       0
       0
       0
       0
       0
       0
       0
       0
       0
       0
       0
       0
       0
       0
       0
       0
       1
       0
       0
       0
       0
       0
       0
       0
       0
       0
       0
       0
       0
       0
       1
       0
       0
       0
       0
       0
       0
       0
       0
       1
       0
       0
       0
       0
       0
       0
       0
       1
       0
       0
       0
       0
       1
       0
       0
       0
       0
       0
       0
       0
       0
       0
       0
       0
       0
       0
       0
       0
       0
       0
       0
       0
       0
       0
       0
       0
       0
       0
       0
       0
       0
       0
       0
       0
       0
       0
       0
       0
       0
       0
       0
       0
       0
       0
       0
       0
       0
       0
       0
       0
       0
       0
       1
       0
       0
       0
       0
       0
       0
       0
       0
       0
       0
       0
       0
       0
       0
       0
       0
       0
       0
       0
       0
       0
       0
       0
       0
       0
       0
       0
       0
       0
       0
       1
       0
       0
       0
       0
       0
       0
       0
       0
       0
       0
       0
       0
       0
       0
       0
       0
       0
       0
       0
       0
       0
       0
       0
       0
       0
       0
       0
       0
       0
       0
       0
       0
       0
       0
       0
       0
       0
       0
       0
       0
       0
       0
       0
       0
       0
       0
       0
       0
       0
       0
       0
       0
       0
       0
       0
       0
       0
       0
       0
       0
       1
       0
       0
       0
       0
       0
       0
       0
       0
       0
       0
       0
       0
       0
       0
       0
       0
       0
       0
       0
       0
       0
       0
       0
       0
       0
       0
       0
       0
       0
       0
       0
       0
       0
       0
       0
       0
       0
       0
       0
       0
       0
       0
       0
       0
       0
       0
       0
       0
       0
       0
       0
       0
$ROI:
1
283 393
$PRESETS:
Live Time
240
0
$ENER_FIT:
0.000000 0.000000
$MCA_CAL:
3
0.000000E+000 0.000000E+000 0.000000E+000 
$SHAPE_CAL:
3
0.000000E+000 0.000000E+000 0.000000E+000
