$SPEC_ID:
No sample description was entered.
$SPEC_REM:
DET# 17
DETDESC# WD011-05 Easy-MCA-8k SN 13260149
AP# Maestro Version 7.01
$DATE_MEA:
05/22/2017 11:27:17
$MEAS_TIM:
1800 1833
$DATA:
0 1023
       0
       0
       0
       0
       0
       0
       0
       0
       0
       0
       0
       0
       0
       0
       0
       0
       0
       0
       0
       0
       0
       0
       0
       0
       0
       0
       0
       0
       0
       0
       0
       0
       0
       0
       0
       0
       0
       0
       0
    1464
    2060
    1288
     774
     510
     322
     236
     170
     157
     127
     126
     137
     126
     131
     129
     111
     115
     114
     111
     120
     121
     115
     108
      95
     110
     110
      87
      96
      94
      87
      94
     102
      93
      84
      77
      88
      79
      51
      78
      69
      64
      72
      57
      65
      60
      49
      54
      61
      47
      66
      47
      53
      47
      58
      35
      61
      36
      32
      48
      42
      47
      30
      39
      33
      32
      31
      37
      22
      39
      27
      29
      29
      29
      35
      19
      31
      33
      24
      16
      21
      29
      25
      23
      23
      23
      19
      19
      25
      19
      20
      11
      19
      19
      20
      17
      20
      15
      18
      20
      18
       9
      15
      13
      12
      15
      18
      14
       8
      11
      14
      11
      11
      10
      10
       8
      10
      12
       9
       6
       6
      11
      11
       8
       4
       5
      11
      10
       9
       4
       7
       6
       5
       6
       1
       7
       7
       2
       4
       5
       2
       7
       9
       1
       8
       5
       6
       3
       7
       7
       7
       7
       7
       4
       4
       2
       8
       4
       4
       8
       3
       5
       4
       5
       6
       5
       3
       7
       5
       6
       5
       5
       5
       4
       3
       4
       2
       2
       3
       8
       1
       5
       5
       7
       4
       6
       6
       3
       3
       5
       4
       4
       2
       3
       3
       4
       1
       4
       3
       6
       5
       2
       2
       0
       4
       3
       4
       6
       2
       0
       4
       5
       1
       1
       3
       5
       4
       6
       1
       2
       4
       4
       3
       3
       1
       4
       3
       2
       0
       2
       4
       1
       1
       2
       2
       1
       1
       2
       2
       3
       3
       2
       4
       4
       1
       1
       2
       1
       2
       1
       2
       5
       2
       0
       1
       1
       1
       2
       3
       2
       2
       1
       3
       3
       4
       2
       3
       7
       3
       4
       6
       3
       1
       3
       2
       2
       1
       2
       0
       3
       3
       1
       3
       3
       2
       3
       2
       1
       0
       1
       3
       3
       0
       3
       3
       2
       3
       4
       1
       5
       1
       4
       5
       4
       1
       5
       4
       4
       6
       2
       2
       1
       1
       3
       0
       4
       0
       1
       2
       0
       2
       2
       0
       1
       1
       2
       2
       6
       2
       1
       1
       2
       3
       1
       0
       1
       0
       1
       2
       0
       3
       1
       0
       5
       1
       1
       1
       1
       3
       1
       3
       0
       2
       0
       0
       2
       1
       1
       0
       1
       2
       2
       0
       1
       0
       0
       0
       1
       1
       1
       0
       3
       1
       3
       2
       0
       1
       2
       2
       0
       2
       0
       2
       1
       1
       0
       1
       0
       1
       0
       1
       2
       1
       1
       0
       1
       4
       2
       1
       0
       0
       1
       2
       3
       0
       0
       3
       0
       3
       1
       1
       1
       0
       1
       1
       1
       2
       2
       3
       0
       3
       0
       1
       2
       4
       1
       0
       1
       1
       0
       1
       0
       2
       1
       2
       4
       1
       0
       2
       3
       1
       1
       0
       2
       1
       0
       0
       1
       2
       3
       2
       3
       0
       1
       0
       2
       2
       0
       1
       0
       1
       0
       1
       2
       0
       0
       2
       2
       3
       1
       1
       1
       0
       0
       2
       1
       0
       1
       0
       0
       0
       2
       1
       3
       1
       0
       3
       0
       2
       1
       3
       0
       1
       3
       2
       0
       0
       1
       0
       1
       0
       0
       1
       0
       0
       2
       2
       1
       0
       2
       1
       1
       1
       2
       2
       0
       1
       0
       1
       0
       2
       1
       0
       0
       1
       0
       0
       0
       2
       1
       0
       2
       1
       1
       1
       0
       0
       3
       2
       1
       0
       0
       1
       1
       4
       2
       1
       0
       0
       0
       1
       0
       0
       1
       0
       0
       1
       1
       0
       0
       1
       1
       0
       1
       0
       0
       0
       0
       1
       1
       1
       2
       0
       1
       1
       1
       2
       1
       0
       2
       1
       1
       2
       1
       1
       1
       1
       0
       1
       1
       1
       0
       2
       1
       0
       0
       0
       0
       0
       0
       2
       1
       3
       0
       0
       0
       0
       0
       2
       1
       0
       3
       0
       0
       2
       1
       1
       1
       1
       0
       0
       2
       1
       3
       1
       2
       1
       2
       1
       1
       0
       2
       0
       1
       0
       1
       0
       1
       2
       0
       2
       0
       1
       2
       0
       0
       0
       0
       1
       0
       1
       0
       0
       0
       0
       0
       0
       1
       0
       1
       0
       0
       2
       0
       1
       0
       1
       2
       1
       0
       1
       1
       1
       0
       0
       1
       0
       1
       0
       1
       0
       1
       0
       0
       0
       0
       1
       0
       1
       0
       0
       3
       1
       0
       0
       0
       0
       1
       0
       1
       0
       0
       0
       0
       0
       0
       0
       0
       1
       0
       0
       0
       2
       1
       0
       1
       0
       0
       0
       1
       0
       0
       0
       1
       0
       0
       0
       0
       2
       0
       0
       0
       0
       0
       0
       0
       0
       0
       0
       0
       0
       0
       0
       0
       0
       0
       0
       0
       0
       0
       0
       1
       0
       1
       0
       0
       0
       0
       0
       0
       0
       1
       1
       1
       0
       0
       0
       0
       0
       0
       0
       0
       0
       1
       0
       0
       0
       1
       0
       1
       0
       0
       0
       0
       0
       0
       0
       0
       0
       0
       0
       0
       0
       0
       0
       1
       1
       0
       0
       1
       1
       2
       0
       0
       1
       0
       0
       0
       1
       1
       1
       1
       1
       0
       0
       0
       0
       0
       0
       0
       0
       0
       0
       0
       0
       0
       1
       3
       3
       0
       1
       1
       0
       0
       1
       1
       0
       0
       0
       0
       0
       0
       1
       0
       1
       0
       1
       0
       0
       0
       0
       0
       0
       1
       0
       0
       0
       0
       0
       1
       1
       0
       0
       0
       0
       0
       1
       1
       0
       0
       1
       0
       0
       0
       0
       0
       0
       1
       1
       1
       0
       0
       0
       0
       0
       1
       0
       0
       0
       0
       0
       0
       1
       2
       0
       0
       0
       0
       0
       0
       0
       0
       0
       0
       0
       0
       0
       0
       0
       0
       0
       1
       0
       0
       0
       0
       0
       0
       0
       1
       0
       0
       0
       0
       0
       1
       0
       0
       0
       1
       0
       0
       0
       0
       0
       0
       0
       0
       0
       0
       0
       0
       0
       0
       0
       0
       0
       2
       0
       0
       0
       0
       0
       0
       0
       0
       0
       0
       0
       0
       1
       0
       1
       0
       0
       0
       0
       0
       0
       0
       0
       0
       0
       0
       0
       0
       0
       0
       0
       0
       0
       0
       0
       0
       0
       0
$ROI:
1
299 412
$PRESETS:
Live Time
1800
0
$ENER_FIT:
0.000000 0.000000
$MCA_CAL:
3
0.000000E+000 0.000000E+000 0.000000E+000 
$SHAPE_CAL:
3
0.000000E+000 0.000000E+000 0.000000E+000
