$SPEC_ID:
No sample description was entered.
$SPEC_REM:
DET# 17
DETDESC# WD011-05 Easy-MCA-8k SN 13260149
AP# Maestro Version 7.01
$DATE_MEA:
05/22/2017 11:18:18
$MEAS_TIM:
240 244
$DATA:
0 1023
       0
       0
       0
       0
       0
       0
       0
       0
       0
       0
       0
       0
       0
       0
       0
       0
       0
       0
       0
       0
       0
       0
       0
       0
       0
       0
       0
       0
       0
       0
       0
       0
       0
       0
       0
       0
       0
       0
       0
     279
     387
     313
     231
     178
     163
     148
     158
     132
     137
     143
     158
     143
     139
     143
     170
     137
     128
     146
     146
     142
     131
     176
     129
     130
     154
     142
     130
     140
     155
     124
     138
     159
     137
     118
     131
     146
     151
     138
     152
     143
     134
     137
     121
     132
     136
     162
     135
     140
     123
     153
     124
     137
     144
     152
     140
     144
     132
     145
     144
     115
     162
     128
     141
     132
     114
     126
     151
     140
     164
     133
     125
     136
     122
     117
     112
     125
     131
     112
     132
     138
     109
     121
     130
      96
      98
      78
     112
     105
     113
      99
     103
      80
      99
      92
      91
      86
     103
     100
      96
      86
      79
      88
      88
      89
      82
      95
      85
      67
      89
      94
      72
      93
      76
      80
      72
      93
      67
      69
      76
      79
      78
      64
      63
      71
      67
      74
      68
      75
      79
      62
      67
      76
      65
      58
      54
      74
      67
      68
      71
      63
      77
      74
      75
      76
      51
      74
      72
      57
      80
      74
      66
      61
      65
      70
      53
      65
      73
      69
      57
      71
      67
      70
      77
      78
      63
      70
      77
      74
      59
      67
      64
      66
      60
      71
      57
      58
      75
      68
      69
      60
      82
      68
      77
      66
      67
      74
      64
      65
      63
      61
      61
      59
      65
      58
      63
      66
      57
      73
      54
      47
      57
      53
      51
      48
      49
      58
      34
      51
      36
      39
      36
      29
      36
      32
      33
      23
      29
      22
      21
      27
      19
      25
      19
      20
      19
      25
      22
      16
      24
      19
      12
       8
       9
      10
      18
      14
      15
      13
       5
       9
      10
      11
      12
       8
      10
       6
      14
      10
       8
      12
      10
       4
       6
       4
       4
       9
       5
       7
       7
       7
       5
       5
       9
       7
       6
       7
       2
      10
       6
      10
       9
       6
       6
      12
      10
      13
       9
      11
       9
      10
      13
      15
      10
      18
      15
      16
      16
      15
      30
      20
      35
      28
      26
      31
      42
      28
      54
      40
      37
      44
      36
      37
      47
      52
      59
      64
      63
      64
      79
      71
      52
      57
      79
      56
      70
      84
      75
      73
      90
      57
      88
      70
      72
      91
      69
      87
      78
      67
      71
      50
      57
      63
      64
      53
      52
      56
      42
      37
      53
      29
      40
      25
      26
      25
      19
      23
      17
      21
      23
      13
       7
      15
      19
      11
      11
       7
       9
       7
       2
       7
       5
       5
       3
       4
       0
       3
       1
       1
       1
       2
       2
       0
       2
       1
       1
       0
       0
       0
       1
       0
       0
       0
       1
       0
       0
       0
       0
       0
       0
       0
       0
       1
       0
       0
       0
       0
       0
       1
       1
       0
       0
       0
       0
       0
       0
       0
       0
       0
       0
       1
       0
       0
       0
       0
       0
       0
       0
       1
       0
       0
       0
       0
       0
       0
       0
       0
       1
       0
       0
       0
       0
       0
       0
       0
       0
       0
       0
       0
       0
       0
       0
       0
       0
       1
       0
       0
       0
       0
       0
       0
       0
       0
       0
       0
       0
       0
       0
       0
       0
       0
       1
       0
       0
       0
       0
       0
       0
       0
       0
       0
       0
       0
       0
       0
       0
       0
       0
       0
       0
       0
       0
       0
       0
       0
       0
       0
       0
       0
       0
       0
       0
       0
       0
       0
       0
       0
       0
       1
       0
       0
       0
       0
       1
       0
       0
       0
       0
       0
       0
       0
       0
       1
       0
       0
       0
       0
       1
       1
       0
       0
       0
       0
       0
       0
       0
       0
       0
       0
       0
       0
       0
       0
       0
       0
       0
       0
       1
       0
       1
       0
       0
       0
       0
       0
       0
       0
       0
       0
       0
       0
       0
       0
       0
       0
       0
       0
       0
       0
       0
       0
       1
       0
       0
       0
       0
       0
       0
       0
       1
       0
       0
       0
       0
       0
       0
       0
       0
       0
       0
       2
       0
       0
       0
       0
       0
       1
       0
       0
       0
       0
       0
       0
       0
       0
       0
       0
       0
       0
       0
       0
       0
       1
       0
       0
       0
       0
       0
       0
       0
       0
       0
       0
       0
       0
       1
       0
       0
       0
       0
       0
       0
       0
       0
       0
       0
       0
       1
       1
       1
       0
       1
       0
       0
       0
       0
       0
       0
       0
       1
       0
       0
       0
       0
       0
       0
       0
       0
       1
       0
       0
       0
       0
       0
       0
       0
       0
       0
       0
       0
       0
       0
       0
       0
       0
       0
       0
       0
       0
       1
       0
       0
       1
       0
       0
       0
       0
       0
       0
       0
       0
       0
       1
       0
       0
       0
       0
       0
       0
       0
       0
       0
       0
       0
       0
       0
       0
       0
       0
       0
       0
       0
       0
       0
       0
       0
       0
       0
       0
       0
       0
       0
       0
       0
       0
       0
       0
       0
       0
       0
       0
       0
       0
       0
       0
       0
       0
       0
       0
       0
       0
       0
       0
       0
       0
       0
       0
       0
       0
       0
       0
       0
       0
       0
       1
       1
       0
       0
       0
       0
       0
       0
       0
       0
       0
       0
       0
       0
       0
       0
       0
       0
       0
       0
       0
       0
       0
       0
       0
       0
       0
       0
       0
       1
       0
       0
       0
       1
       0
       0
       0
       0
       0
       0
       0
       1
       0
       0
       0
       0
       0
       0
       0
       1
       0
       0
       0
       0
       0
       0
       0
       0
       0
       0
       0
       0
       0
       0
       0
       0
       0
       0
       0
       0
       0
       0
       0
       0
       0
       0
       0
       0
       0
       0
       0
       0
       1
       0
       0
       0
       0
       0
       0
       0
       0
       0
       0
       0
       0
       0
       0
       0
       0
       1
       1
       0
       0
       0
       0
       0
       0
       0
       0
       0
       0
       0
       0
       1
       0
       0
       0
       0
       0
       0
       0
       0
       0
       0
       0
       0
       0
       0
       0
       0
       0
       1
       0
       0
       0
       0
       0
       0
       0
       0
       0
       0
       0
       0
       0
       0
       0
       0
       0
       0
       0
       0
       0
       0
       0
       1
       0
       0
       0
       0
       0
       0
       0
       0
       0
       0
       0
       0
       0
       0
       0
       0
       0
       0
       0
       1
       0
       0
       0
       0
       0
       0
       0
       0
       0
       0
       0
       0
       0
       0
       0
       0
       0
       0
       0
       0
       0
       0
       0
       0
       0
       0
       0
       0
       0
       0
       0
       0
       0
       0
       0
       0
       0
       0
       0
       0
       0
       0
       0
       0
       0
       0
       0
       0
       0
       0
       0
       0
       0
       0
       0
       0
       0
       0
       0
       0
       0
       0
       0
       0
       0
$ROI:
1
299 412
$PRESETS:
Live Time
240
0
$ENER_FIT:
0.000000 0.000000
$MCA_CAL:
3
0.000000E+000 0.000000E+000 0.000000E+000 
$SHAPE_CAL:
3
0.000000E+000 0.000000E+000 0.000000E+000
