$SPEC_ID:
No sample description was entered.
$SPEC_REM:
DET# 17
DETDESC# WD011-05 Easy-MCA-8k SN 13260149
AP# Maestro Version 7.01
$DATE_MEA:
05/22/2017 11:12:07
$MEAS_TIM:
240 244
$DATA:
0 1023
       0
       0
       0
       0
       0
       0
       0
       0
       0
       0
       0
       0
       0
       0
       0
       0
       0
       0
       0
       0
       0
       0
       0
       0
       0
       0
       0
       0
       0
       0
       0
       0
       0
       0
       0
       0
       0
       0
       0
     289
     435
     289
     227
     190
     165
     163
     139
     155
     149
     168
     157
     138
     130
     147
     151
     118
     141
     149
     157
     144
     171
     137
     165
     140
     160
     133
     152
     142
     129
     139
     137
     139
     158
     142
     121
     141
     133
     137
     120
     154
     152
     140
     162
     141
     157
     153
     159
     127
     157
     141
     154
     148
     160
     166
     163
     149
     168
     159
     152
     129
     133
     133
     125
     143
     140
     149
     165
     121
     128
     127
     143
     132
     136
     113
     115
     117
     128
     137
     112
     137
     118
     119
     126
     114
      95
     111
     102
     115
     117
     116
     103
      99
     117
     104
      84
      92
     100
     117
      88
      92
     109
      96
     103
      97
      84
      80
      90
      65
      88
      79
      75
      73
      86
      80
      79
      77
      75
      85
      63
      69
      70
      68
      74
      91
      66
      76
      59
      62
      72
      60
      87
      62
      73
      77
      67
      62
      72
      87
      59
      69
      61
      75
      68
      64
      71
      61
      65
      53
      55
      70
      75
      73
      72
      81
      69
      78
      78
      70
      56
      80
      84
      76
      83
      61
      73
      65
      70
      75
      61
      73
      78
      82
      66
      65
      80
      74
      69
      79
      68
      64
      77
      74
      63
      71
      71
      78
      70
      53
      52
      72
      56
      64
      55
      57
      59
      71
      53
      52
      59
      48
      51
      49
      46
      36
      40
      40
      47
      43
      41
      38
      29
      17
      29
      36
      30
      28
      24
      20
      26
      29
      29
      26
      26
      14
      21
      21
      12
      16
      10
      18
      18
      10
       8
       8
      11
      13
       6
       6
      16
      10
       9
      13
       6
      11
       7
       5
      10
      10
       7
       6
       4
       5
       5
       6
       4
       9
       7
       6
      10
       8
      11
       7
       6
       8
       5
       3
      11
       6
       7
      11
      12
       8
      11
      11
      13
      18
      12
      15
      12
      11
       7
      25
      24
      18
      25
      27
      31
      21
      34
      22
      28
      43
      50
      38
      35
      46
      47
      37
      51
      63
      49
      64
      69
      74
      68
      63
      83
      69
      68
      74
      89
      81
     103
      83
      74
      95
      80
      66
      75
      87
      80
      74
      69
      69
      57
      50
      64
      62
      62
      57
      48
      46
      36
      51
      30
      27
      28
      36
      28
      27
      29
      26
      24
      23
      14
      12
      12
      13
      10
       8
       8
       9
       3
       4
       3
       2
       2
       2
       4
       3
       5
       2
       4
       2
       0
       0
       1
       0
       1
       1
       1
       0
       1
       0
       1
       0
       0
       0
       1
       0
       0
       0
       0
       1
       0
       0
       0
       0
       1
       1
       1
       0
       0
       0
       0
       0
       0
       0
       0
       0
       0
       0
       0
       0
       0
       0
       0
       0
       0
       0
       0
       0
       1
       2
       0
       0
       0
       0
       1
       0
       0
       0
       0
       0
       0
       0
       0
       0
       0
       0
       0
       1
       0
       0
       0
       0
       0
       1
       0
       0
       0
       0
       0
       1
       0
       0
       0
       0
       0
       0
       0
       0
       0
       1
       0
       0
       0
       0
       0
       0
       0
       0
       0
       1
       1
       0
       0
       0
       0
       1
       0
       0
       0
       0
       0
       0
       0
       1
       0
       0
       1
       0
       0
       0
       0
       0
       0
       0
       0
       0
       2
       0
       0
       1
       0
       0
       0
       0
       0
       0
       0
       0
       0
       0
       0
       0
       0
       0
       0
       0
       0
       0
       0
       1
       0
       0
       0
       0
       0
       0
       0
       0
       0
       0
       0
       0
       0
       0
       0
       0
       0
       0
       0
       0
       0
       0
       1
       0
       0
       0
       0
       0
       0
       0
       0
       0
       0
       0
       0
       0
       0
       0
       0
       0
       0
       1
       0
       0
       0
       0
       0
       1
       0
       1
       0
       0
       0
       0
       0
       0
       0
       0
       0
       0
       0
       0
       0
       0
       0
       0
       0
       0
       0
       0
       0
       1
       0
       1
       0
       0
       0
       0
       0
       0
       0
       0
       1
       0
       0
       0
       0
       0
       0
       0
       0
       1
       0
       0
       0
       0
       1
       0
       0
       1
       0
       0
       1
       2
       0
       0
       0
       0
       0
       0
       0
       0
       0
       0
       0
       0
       0
       0
       0
       1
       0
       0
       0
       0
       0
       0
       0
       0
       0
       0
       0
       0
       0
       0
       1
       0
       0
       0
       0
       1
       0
       0
       1
       0
       0
       1
       0
       0
       0
       0
       0
       0
       0
       0
       0
       0
       0
       0
       0
       0
       0
       0
       0
       0
       0
       1
       0
       0
       1
       0
       0
       0
       0
       0
       0
       0
       0
       0
       0
       0
       0
       0
       0
       0
       0
       0
       0
       1
       0
       0
       0
       0
       0
       0
       0
       0
       0
       0
       0
       0
       0
       0
       0
       0
       0
       0
       0
       0
       0
       0
       0
       0
       0
       0
       0
       0
       0
       0
       0
       0
       0
       0
       0
       0
       0
       0
       1
       0
       0
       0
       0
       0
       0
       0
       0
       0
       0
       0
       0
       0
       1
       0
       0
       0
       0
       0
       0
       0
       0
       0
       0
       0
       0
       0
       0
       0
       0
       0
       0
       0
       0
       0
       0
       0
       0
       0
       0
       0
       0
       0
       0
       0
       0
       0
       1
       1
       0
       0
       0
       0
       0
       0
       0
       0
       0
       0
       0
       0
       0
       0
       0
       0
       0
       0
       0
       0
       0
       0
       0
       0
       1
       0
       0
       0
       0
       1
       0
       0
       1
       0
       0
       0
       0
       0
       0
       0
       0
       0
       0
       0
       0
       0
       0
       0
       0
       0
       0
       0
       0
       0
       0
       0
       0
       0
       0
       0
       0
       0
       0
       0
       0
       0
       0
       0
       0
       0
       0
       0
       0
       0
       0
       0
       0
       0
       0
       0
       0
       0
       0
       0
       0
       0
       0
       0
       0
       0
       0
       0
       0
       0
       0
       0
       0
       0
       0
       0
       0
       0
       0
       0
       0
       0
       0
       0
       0
       0
       0
       0
       0
       0
       0
       0
       0
       0
       0
       0
       0
       0
       0
       0
       0
       0
       0
       0
       0
       0
       0
       0
       0
       0
       0
       0
       0
       0
       0
       0
       0
       0
       0
       0
       0
       0
       0
       0
       0
       0
       0
       0
       0
       1
       0
       0
       0
       0
       0
       0
       0
       0
       0
       0
       0
       0
       0
       0
       0
       0
       0
       0
       0
       0
       0
       0
       0
       0
       0
       0
       0
       0
       0
       0
       0
       0
       0
       0
       0
       0
       0
       0
       0
       0
$ROI:
1
283 393
$PRESETS:
Live Time
240
0
$ENER_FIT:
0.000000 0.000000
$MCA_CAL:
3
0.000000E+000 0.000000E+000 0.000000E+000 
$SHAPE_CAL:
3
0.000000E+000 0.000000E+000 0.000000E+000
