$SPEC_ID:
No sample description was entered.
$SPEC_REM:
DET# 17
DETDESC# WD011-05 Easy-MCA-8k SN 13260149
AP# Maestro Version 7.01
$DATE_MEA:
05/22/2017 10:43:12
$MEAS_TIM:
240 245
$DATA:
0 1023
       0
       0
       0
       0
       0
       0
       0
       0
       0
       0
       0
       0
       0
       0
       0
       0
       0
       0
       0
       0
       0
       0
       0
       0
       0
       0
       0
       0
       0
       0
       0
       0
       0
       0
       0
       0
       0
       0
       1
     307
     501
     361
     257
     214
     188
     198
     151
     158
     149
     161
     154
     148
     152
     162
     164
     146
     152
     123
     164
     150
     151
     160
     156
     150
     134
     133
     160
     133
     139
     146
     148
     146
     125
     138
     138
     126
     156
     173
     138
     150
     151
     160
     152
     148
     167
     148
     165
     159
     160
     180
     166
     168
     148
     155
     168
     146
     168
     171
     163
     161
     157
     137
     140
     161
     171
     130
     153
     151
     136
     151
     131
     116
     122
     128
     145
     124
     124
     118
     133
     104
      95
     104
     118
     110
     125
     103
     117
     111
     116
     103
      99
     122
     107
     110
      85
      85
     102
     102
      94
     101
      85
      92
     100
      74
      72
      90
      79
      97
      81
      79
      81
      80
      79
      89
      70
      74
      67
      75
      71
      62
      73
      71
      76
      75
      80
      73
      55
      93
      72
      59
      69
      65
      63
      70
      74
      61
      64
      84
      71
      73
      67
      63
      67
      77
      69
      80
      86
      69
      88
      77
      65
      74
      75
      58
      85
      62
      65
      78
      66
      84
      82
      65
      78
      67
      69
      80
      71
      76
      70
      69
      77
      84
      63
      86
      73
      76
      69
      77
      67
      83
      84
      75
      65
      79
      69
      57
      68
      67
      68
      65
      65
      50
      51
      54
      45
      40
      42
      60
      45
      37
      40
      42
      48
      27
      48
      27
      34
      30
      28
      33
      30
      21
      29
      30
      20
      21
      21
      20
      16
      18
      16
      16
      18
       9
       9
      19
      16
      15
      10
      12
      13
      11
      11
      14
       7
       9
      10
      12
      15
      11
       9
       7
       8
       7
       7
       5
       8
       6
       6
      12
      10
       5
       6
       5
       6
       5
       7
       5
       7
       7
       7
       9
      17
      14
      15
      13
      13
      22
      14
      11
      12
      18
      21
      29
      18
      24
      28
      26
      25
      36
      28
      28
      37
      44
      49
      47
      49
      50
      66
      47
      60
      61
      61
      65
      86
      74
      81
      66
      95
      68
      80
      81
      76
      77
      76
      71
      81
      83
      79
      83
      75
      65
      65
      76
      58
      68
      67
      57
      46
      52
      61
      41
      39
      49
      47
      31
      50
      34
      34
      43
      34
      24
      12
      21
      18
      14
      15
      17
      17
       9
      11
      12
       6
      12
       4
       6
       4
       5
       9
       8
       3
       2
       2
       0
       0
       0
       0
       2
       1
       0
       1
       0
       1
       0
       1
       1
       0
       0
       1
       0
       0
       0
       0
       1
       0
       0
       0
       0
       1
       0
       1
       0
       0
       0
       0
       0
       0
       0
       0
       0
       0
       0
       0
       0
       0
       0
       0
       0
       0
       0
       0
       1
       0
       0
       0
       0
       0
       0
       0
       0
       0
       0
       0
       0
       0
       0
       0
       0
       0
       1
       0
       0
       0
       0
       0
       0
       0
       1
       1
       1
       0
       0
       0
       0
       0
       0
       0
       0
       0
       0
       0
       0
       2
       0
       0
       0
       0
       0
       0
       0
       0
       0
       0
       0
       0
       1
       0
       0
       0
       1
       1
       0
       0
       0
       0
       0
       0
       0
       0
       0
       0
       0
       0
       0
       0
       0
       0
       0
       0
       0
       0
       0
       0
       0
       1
       0
       0
       0
       1
       0
       1
       0
       0
       0
       0
       1
       0
       0
       0
       0
       1
       1
       0
       0
       0
       0
       0
       0
       0
       1
       0
       0
       0
       0
       0
       0
       0
       0
       0
       0
       0
       0
       0
       0
       0
       0
       0
       0
       0
       0
       0
       0
       0
       0
       0
       0
       0
       0
       0
       0
       0
       0
       0
       0
       0
       0
       0
       0
       0
       0
       0
       1
       0
       0
       0
       0
       0
       1
       0
       0
       0
       0
       0
       0
       0
       0
       0
       0
       0
       0
       0
       1
       0
       0
       0
       0
       0
       0
       1
       0
       0
       0
       0
       0
       0
       0
       0
       0
       0
       0
       0
       0
       0
       0
       0
       0
       0
       0
       0
       1
       0
       0
       1
       0
       0
       0
       1
       0
       0
       0
       0
       0
       1
       0
       0
       1
       0
       0
       0
       0
       0
       0
       0
       0
       0
       0
       0
       0
       1
       1
       0
       0
       0
       0
       0
       1
       0
       0
       0
       0
       0
       0
       0
       1
       0
       0
       0
       0
       0
       0
       0
       0
       0
       0
       0
       0
       0
       0
       0
       0
       0
       0
       0
       0
       0
       0
       1
       1
       0
       0
       0
       0
       0
       0
       0
       0
       0
       0
       0
       0
       1
       0
       0
       0
       0
       0
       0
       0
       0
       0
       0
       0
       0
       1
       0
       0
       0
       0
       0
       0
       0
       0
       0
       0
       0
       0
       0
       0
       0
       0
       0
       0
       0
       0
       0
       0
       0
       0
       0
       1
       0
       0
       0
       0
       0
       0
       0
       1
       0
       0
       1
       0
       0
       0
       0
       0
       0
       0
       0
       0
       0
       0
       0
       0
       0
       0
       0
       0
       0
       0
       0
       0
       0
       0
       0
       0
       0
       0
       0
       1
       0
       0
       0
       0
       0
       0
       0
       0
       0
       0
       0
       0
       0
       0
       0
       0
       0
       0
       0
       0
       0
       0
       0
       0
       1
       0
       0
       0
       0
       0
       0
       0
       0
       0
       0
       0
       0
       0
       1
       0
       0
       0
       0
       0
       0
       1
       0
       0
       0
       0
       0
       0
       0
       0
       0
       0
       0
       0
       0
       1
       0
       0
       0
       0
       0
       0
       0
       0
       0
       1
       0
       0
       0
       0
       0
       0
       0
       0
       0
       0
       0
       0
       0
       0
       0
       0
       0
       0
       0
       0
       0
       0
       0
       0
       0
       0
       0
       0
       0
       0
       0
       0
       0
       0
       0
       0
       0
       0
       0
       0
       0
       0
       0
       0
       0
       0
       0
       0
       0
       0
       0
       0
       0
       0
       0
       0
       0
       0
       0
       0
       0
       0
       0
       0
       0
       0
       0
       0
       0
       0
       0
       0
       0
       0
       0
       0
       0
       0
       0
       0
       0
       0
       0
       0
       0
       0
       0
       0
       0
       0
       0
       0
       0
       0
       0
       0
       0
       0
       0
       0
       0
       0
       0
       0
       0
       0
       0
       0
       0
       0
       1
       0
       0
       0
       0
       0
       0
       0
       0
       0
       0
       0
       0
       0
       0
       0
       0
       0
       0
       0
       0
       0
       0
       0
       0
       0
       0
       0
       0
       0
       0
       0
       0
       0
       0
       0
       0
       0
       0
       0
       0
       0
       0
       0
$ROI:
1
288 401
$PRESETS:
Live Time
240
0
$ENER_FIT:
0.000000 0.000000
$MCA_CAL:
3
0.000000E+000 0.000000E+000 0.000000E+000 
$SHAPE_CAL:
3
0.000000E+000 0.000000E+000 0.000000E+000
