$SPEC_ID:
No sample description was entered.
$SPEC_REM:
DET# 17
DETDESC# WD011-05 Easy-MCA-8k SN 13260149
AP# Maestro Version 7.01
$DATE_MEA:
06/12/2017 09:46:15
$MEAS_TIM:
300 303
$DATA:
0 1023
       0
       0
       0
       0
       0
       0
       0
       0
       0
       0
       0
       0
       0
       0
       0
       0
       0
       0
       0
       0
       0
       0
       0
       0
       0
       0
       0
       0
       0
       0
       0
       0
       0
       0
       0
       0
       0
       0
       0
       0
       0
       0
       0
       0
       0
       0
       0
       0
       0
       0
       0
       0
       0
       0
       0
       0
       0
      25
     187
     256
     198
     238
     180
     205
     221
     190
     205
     208
     201
     218
     217
     220
     200
     191
     207
     191
     182
     205
     195
     231
     207
     219
     207
     218
     202
     198
     204
     222
     222
     195
     178
     215
     222
     200
     219
     227
     179
     199
     206
     212
     193
     194
     191
     194
     189
     194
     202
     170
     173
     154
     160
     168
     180
     165
     168
     154
     156
     167
     144
     168
     169
     143
     140
     151
     139
     141
     131
     154
     122
     145
     128
     147
     150
     128
     115
     141
     102
     119
     108
     117
     104
     106
     120
     129
     116
     126
     117
     105
      97
     116
     109
     107
      89
      99
     120
     119
     123
      95
      98
     115
     106
     111
      97
      93
     108
      98
      84
     129
      94
     114
      88
      94
      98
     119
     110
     113
     116
      96
      93
     102
      99
     116
     104
     109
      91
      99
      96
     105
     106
      98
     101
     115
     107
     106
     100
     101
     114
     113
     112
      96
      93
      99
      88
      91
     103
     109
      85
      88
     106
     100
      84
      79
      99
      93
      80
      83
      82
      69
      86
      70
      45
      66
      74
      65
      59
      58
      57
      50
      45
      50
      41
      42
      42
      43
      37
      40
      28
      29
      30
      33
      35
      26
      28
      29
      24
      22
      19
      20
      19
      21
      22
      27
      13
      14
      14
      17
      14
      12
      14
      16
      16
      15
      16
       4
      14
      13
      17
      12
      12
      16
      10
       8
      15
      16
       9
      11
      17
      13
      11
      18
      20
      23
      19
      19
      18
      17
      21
      35
      25
      31
      31
      33
      43
      38
      35
      39
      39
      41
      45
      48
      48
      59
      69
      68
      63
      61
      75
      64
      86
      61
      83
      85
      91
      78
      98
      99
      95
      99
     103
      94
      99
     117
      98
     101
     118
      94
     101
      93
      88
     103
      81
      97
      82
      70
      86
      57
      69
      52
      59
      63
      41
      59
      56
      43
      42
      40
      46
      39
      30
      39
      31
      20
      19
      20
      18
      14
      19
      16
      11
      10
      10
       9
      10
       8
       8
       1
       6
       3
       7
       1
       2
       1
       4
       2
       2
       0
       2
       1
       0
       1
       1
       0
       0
       0
       0
       0
       1
       0
       1
       2
       0
       0
       0
       1
       0
       2
       0
       0
       1
       0
       0
       0
       0
       0
       0
       0
       0
       0
       0
       1
       1
       1
       0
       1
       1
       1
       0
       0
       0
       0
       1
       1
       0
       0
       0
       0
       1
       0
       0
       0
       0
       0
       0
       0
       0
       0
       0
       0
       1
       0
       0
       0
       0
       0
       0
       0
       1
       1
       0
       0
       0
       0
       0
       0
       0
       0
       1
       0
       1
       0
       1
       0
       0
       0
       1
       0
       0
       0
       0
       0
       0
       0
       1
       0
       0
       0
       0
       0
       0
       0
       1
       0
       0
       1
       0
       1
       1
       0
       0
       0
       0
       0
       0
       1
       1
       1
       0
       0
       0
       0
       0
       0
       0
       0
       1
       0
       0
       0
       0
       1
       0
       0
       0
       0
       2
       0
       0
       0
       1
       0
       0
       0
       2
       0
       0
       0
       0
       0
       0
       1
       0
       0
       1
       0
       0
       0
       0
       0
       1
       0
       0
       0
       0
       0
       0
       0
       0
       0
       0
       0
       0
       0
       0
       0
       0
       0
       0
       0
       0
       0
       0
       0
       0
       0
       0
       0
       0
       0
       0
       0
       0
       0
       0
       0
       0
       1
       0
       0
       1
       0
       0
       1
       0
       0
       0
       0
       0
       0
       0
       0
       0
       0
       0
       0
       1
       0
       1
       0
       0
       1
       0
       0
       1
       0
       0
       0
       0
       0
       0
       0
       0
       0
       0
       1
       0
       1
       0
       0
       0
       0
       1
       0
       0
       0
       0
       0
       0
       0
       0
       0
       0
       0
       0
       0
       0
       0
       0
       0
       0
       2
       1
       0
       0
       0
       0
       1
       1
       0
       0
       0
       0
       0
       0
       0
       0
       1
       0
       0
       0
       0
       0
       0
       0
       0
       0
       0
       0
       1
       0
       0
       0
       0
       0
       0
       0
       0
       0
       0
       0
       0
       1
       0
       0
       0
       0
       0
       0
       0
       0
       0
       0
       0
       0
       0
       0
       0
       0
       0
       0
       0
       0
       0
       0
       0
       0
       1
       0
       0
       0
       0
       0
       0
       0
       0
       0
       0
       0
       0
       0
       0
       1
       0
       0
       0
       0
       0
       0
       0
       0
       0
       0
       0
       0
       0
       0
       0
       0
       0
       0
       0
       1
       0
       0
       0
       0
       0
       0
       0
       0
       0
       1
       0
       0
       0
       0
       0
       0
       0
       0
       0
       1
       0
       0
       0
       0
       0
       0
       0
       0
       0
       0
       0
       0
       0
       0
       0
       0
       1
       0
       0
       0
       0
       1
       0
       0
       0
       1
       0
       0
       0
       0
       0
       0
       0
       1
       0
       1
       0
       0
       0
       0
       0
       0
       0
       0
       0
       0
       0
       0
       0
       0
       0
       0
       0
       0
       0
       0
       0
       0
       0
       0
       0
       0
       0
       0
       0
       0
       0
       0
       0
       0
       0
       0
       0
       0
       0
       0
       0
       0
       1
       0
       0
       0
       0
       0
       0
       0
       0
       0
       0
       0
       0
       0
       0
       0
       0
       0
       0
       0
       0
       0
       0
       0
       0
       0
       0
       0
       0
       0
       0
       0
       0
       0
       0
       0
       0
       0
       0
       0
       0
       0
       1
       0
       0
       0
       0
       0
       0
       0
       0
       0
       0
       1
       0
       0
       0
       0
       0
       0
       0
       0
       0
       0
       0
       0
       0
       0
       0
       0
       1
       0
       0
       0
       0
       0
       0
       0
       0
       0
       0
       0
       0
       0
       0
       0
       0
       0
       0
       0
       0
       0
       0
       1
       0
       0
       0
       0
       0
       0
       0
       0
       0
       0
       0
       0
       0
       0
       1
       0
       0
       0
       0
       0
       0
       0
       0
       0
       0
       0
       0
       0
       0
       0
       0
       0
       0
       0
       0
       0
       0
       0
       0
       0
       1
       0
       0
       0
       0
       0
       0
       0
       0
       0
       0
       0
       0
       0
       0
       0
       0
       0
       0
       0
       0
       0
       0
       0
       0
       0
       0
       0
       0
       0
       0
       0
       0
       0
       0
       0
       0
       0
       0
       0
       0
       0
       0
       0
       0
       0
       0
       0
       0
       0
       0
$ROI:
1
264 378
$PRESETS:
Live Time
300
0
$ENER_FIT:
0.000000 0.000000
$MCA_CAL:
3
0.000000E+000 0.000000E+000 0.000000E+000 
$SHAPE_CAL:
3
0.000000E+000 0.000000E+000 0.000000E+000
