$SPEC_ID:
No sample description was entered.
$SPEC_REM:
DET# 17
DETDESC# WD011-05 Easy-MCA-8k SN 13260149
AP# Maestro Version 7.01
$DATE_MEA:
06/12/2017 09:55:19
$MEAS_TIM:
300 303
$DATA:
0 1023
       0
       0
       0
       0
       0
       0
       0
       0
       0
       0
       0
       0
       0
       0
       0
       0
       0
       0
       0
       0
       0
       0
       0
       0
       0
       0
       0
       0
       0
       0
       0
       0
       0
       0
       0
       0
       0
       0
       0
       0
       0
       0
       0
       0
       0
       0
       0
       0
       0
       0
       0
       0
       0
       1
       0
       0
       0
      21
     169
     254
     237
     214
     221
     213
     195
     156
     206
     217
     189
     208
     217
     189
     208
     184
     193
     215
     208
     198
     198
     195
     218
     210
     239
     195
     215
     203
     198
     199
     230
     182
     192
     204
     184
     212
     195
     200
     165
     204
     193
     195
     205
     202
     172
     196
     176
     145
     184
     179
     203
     177
     166
     152
     157
     142
     139
     169
     177
     126
     156
     151
     146
     166
     151
     136
     159
     153
     148
     134
     140
     110
     134
     121
     141
     128
     135
     128
     137
     113
     113
     129
     108
     117
     107
     106
     118
     113
     104
      91
     125
     118
     100
     119
     112
     104
      91
     114
     106
     115
      97
     113
      99
      89
      99
     102
     105
      87
      75
      99
     100
     103
     100
     121
     107
      96
     105
      87
      88
     105
      99
     112
      96
      89
     109
      99
      91
      99
     102
      96
     102
      99
     106
      96
     118
     111
     105
      95
     111
     107
      93
      99
     102
      98
      74
      95
      87
      93
      89
     105
     106
      87
     112
     100
      78
     100
      98
      88
      62
      70
      57
      57
      63
      55
      72
      50
      43
      56
      58
      48
      42
      44
      46
      43
      33
      31
      43
      39
      31
      19
      26
      32
      29
      28
      16
      19
      28
      19
      21
      24
      13
      26
      22
      13
      16
      12
      12
       9
      15
      13
      15
      16
       8
      18
      11
      15
      14
      12
      16
      12
      13
      12
      12
      11
      18
      11
      19
      16
      16
      15
      16
      17
      17
      18
      18
      21
      24
      34
      22
      26
      34
      29
      23
      24
      36
      30
      40
      37
      48
      46
      40
      59
      60
      49
      61
      62
      69
      74
      74
      75
      74
      79
      73
      96
      93
      79
      94
      95
     103
     105
      98
     104
      82
     113
      99
      93
      96
      83
     110
      99
      82
      88
      75
      77
      92
      67
      79
      77
      59
      55
      63
      51
      52
      55
      56
      45
      35
      25
      39
      38
      26
      31
      18
      24
      23
      22
      17
      18
      11
      10
       7
      13
      12
       7
       9
       4
       3
       6
       1
       2
       2
       5
       3
       2
       2
       1
       2
       2
       1
       1
       0
       2
       1
       0
       2
       0
       0
       3
       1
       0
       2
       1
       0
       1
       0
       0
       0
       0
       2
       1
       0
       0
       0
       0
       1
       0
       0
       0
       0
       0
       0
       0
       0
       1
       0
       0
       0
       1
       0
       0
       2
       1
       0
       0
       0
       0
       0
       0
       0
       0
       0
       0
       0
       0
       0
       0
       0
       0
       1
       1
       0
       0
       0
       0
       0
       0
       0
       0
       1
       2
       0
       0
       0
       0
       0
       0
       0
       0
       0
       1
       0
       0
       0
       0
       1
       0
       0
       0
       0
       0
       0
       0
       0
       0
       0
       1
       0
       0
       1
       1
       1
       0
       1
       0
       0
       0
       0
       1
       0
       0
       0
       0
       0
       1
       0
       0
       0
       1
       0
       1
       0
       1
       0
       0
       0
       0
       0
       0
       1
       0
       0
       1
       0
       0
       1
       0
       0
       0
       0
       1
       0
       0
       0
       0
       0
       0
       0
       0
       0
       0
       0
       0
       0
       0
       0
       0
       0
       0
       0
       0
       0
       0
       0
       0
       0
       0
       0
       0
       0
       0
       0
       0
       0
       0
       0
       0
       0
       0
       0
       0
       1
       0
       0
       0
       1
       0
       0
       0
       0
       0
       0
       0
       1
       0
       1
       1
       0
       0
       0
       0
       1
       0
       0
       0
       0
       0
       0
       0
       0
       0
       0
       0
       0
       0
       1
       0
       0
       0
       0
       0
       0
       0
       0
       0
       0
       0
       0
       0
       0
       0
       0
       0
       0
       0
       0
       0
       0
       0
       1
       1
       0
       1
       0
       0
       0
       0
       0
       0
       0
       0
       0
       0
       0
       0
       2
       0
       0
       0
       0
       0
       0
       0
       0
       0
       0
       0
       0
       0
       0
       0
       0
       0
       0
       0
       0
       1
       1
       0
       0
       0
       0
       0
       0
       0
       0
       0
       0
       0
       0
       0
       1
       0
       0
       0
       1
       0
       0
       0
       0
       0
       1
       0
       0
       0
       0
       0
       0
       0
       0
       0
       0
       0
       0
       0
       0
       0
       0
       0
       0
       0
       0
       0
       0
       0
       0
       0
       0
       0
       0
       1
       1
       0
       0
       0
       0
       0
       0
       0
       0
       1
       0
       0
       0
       0
       0
       0
       0
       0
       0
       0
       0
       0
       0
       0
       0
       0
       0
       0
       0
       0
       0
       0
       0
       1
       0
       0
       0
       0
       1
       0
       0
       0
       0
       1
       0
       0
       0
       0
       0
       0
       0
       0
       0
       0
       0
       0
       0
       0
       0
       0
       0
       0
       0
       0
       0
       0
       0
       0
       0
       0
       1
       0
       0
       0
       0
       0
       0
       0
       0
       0
       0
       0
       0
       0
       0
       0
       0
       0
       0
       0
       0
       0
       0
       0
       1
       0
       0
       0
       0
       0
       0
       0
       0
       0
       0
       0
       0
       0
       0
       0
       0
       0
       0
       1
       0
       0
       0
       0
       0
       0
       0
       0
       0
       0
       0
       0
       0
       0
       0
       0
       0
       0
       0
       0
       0
       0
       0
       0
       0
       0
       0
       0
       0
       0
       0
       0
       0
       0
       0
       0
       0
       0
       0
       0
       0
       0
       0
       0
       1
       0
       0
       0
       0
       0
       0
       0
       0
       0
       0
       0
       0
       0
       0
       0
       0
       0
       0
       0
       0
       0
       0
       0
       0
       0
       0
       0
       0
       0
       0
       0
       0
       0
       0
       0
       0
       0
       0
       0
       0
       0
       0
       0
       0
       0
       0
       0
       0
       1
       0
       0
       0
       0
       0
       0
       0
       0
       0
       0
       0
       0
       0
       0
       0
       0
       0
       0
       0
       0
       0
       0
       0
       0
       0
       0
       0
       0
       0
       0
       0
       0
       0
       0
       0
       0
       0
       0
       0
       0
       1
       0
       0
       0
       0
       0
       0
       0
       0
       0
       0
       0
       0
       0
       0
       0
       0
       0
       0
       0
       0
       0
       0
       0
       0
       0
       0
       0
       0
       0
       0
       0
       0
       1
       0
       0
       0
       0
       0
       1
       0
       0
       0
       0
       0
       0
       0
       0
       0
       0
       0
       0
       0
       0
       0
       0
       0
       0
       0
       0
       0
       0
       0
       0
       0
       0
       0
       0
$ROI:
1
264 378
$PRESETS:
Live Time
300
0
$ENER_FIT:
0.000000 0.000000
$MCA_CAL:
3
0.000000E+000 0.000000E+000 0.000000E+000 
$SHAPE_CAL:
3
0.000000E+000 0.000000E+000 0.000000E+000
