$SPEC_ID:
No sample description was entered.
$SPEC_REM:
DET# 17
DETDESC# WD011-05 Easy-MCA-8k SN 13260149
AP# Maestro Version 7.01
$DATE_MEA:
06/12/2017 10:10:01
$MEAS_TIM:
360 364
$DATA:
0 1023
       0
       0
       0
       0
       0
       0
       0
       0
       0
       0
       0
       0
       0
       0
       0
       0
       0
       0
       0
       0
       0
       0
       0
       0
       0
       0
       0
       0
       0
       0
       0
       0
       0
       0
       0
       0
       0
       0
       0
       0
       0
       0
       0
       0
       0
       0
       0
       0
       0
       0
       0
       0
       0
       0
       0
       0
       1
      21
     199
     273
     243
     254
     229
     280
     259
     251
     253
     233
     263
     248
     237
     261
     259
     263
     221
     223
     238
     248
     267
     251
     266
     255
     284
     261
     255
     279
     260
     247
     250
     280
     259
     251
     247
     237
     266
     226
     240
     239
     217
     261
     236
     198
     209
     231
     200
     213
     217
     204
     206
     207
     191
     216
     190
     208
     187
     182
     167
     171
     185
     178
     179
     136
     191
     164
     152
     190
     135
     142
     158
     153
     155
     171
     155
     141
     150
     159
     158
     157
     138
     147
     128
     135
     132
     128
     138
     149
     166
     118
     147
     129
     120
     122
     142
     142
     123
     129
     134
     113
     126
     130
     121
     113
     117
     120
     113
     103
      89
     120
     116
     101
     107
     111
     120
     127
     127
     125
     132
     112
     124
     137
     136
     131
     141
     138
     140
     126
     135
     133
     101
     110
     116
     131
     105
     101
     112
     125
     141
     121
     119
     100
     100
     109
     112
     103
     110
     104
     115
      91
      97
     107
      96
     103
      85
     102
      82
      77
      88
      69
      79
      78
      53
      76
      70
      55
      65
      42
      62
      53
      41
      48
      47
      46
      34
      53
      46
      38
      29
      37
      30
      31
      28
      30
      16
      24
      24
      18
      21
      16
      13
      23
      17
      17
      20
      19
      11
      15
      16
      13
      14
      18
      21
      17
      19
      21
      10
      17
      16
      11
       8
      18
      12
      18
      22
      23
      17
      16
      37
      30
      17
      21
      42
      31
      37
      35
      36
      42
      50
      53
      60
      53
      65
      57
      66
      50
      63
      87
      78
      80
      85
      81
      91
     105
     116
     106
     120
     109
     105
     100
     107
     137
     105
     120
     112
     112
      97
     122
     120
     123
     101
     108
     108
     109
     116
      98
     116
      94
      88
      94
      90
      73
      90
      54
      74
      53
      54
      63
      50
      54
      40
      40
      40
      35
      33
      37
      15
      39
      25
      21
      25
      18
      14
      15
      13
      12
      14
       4
       5
       8
       4
       8
       7
       6
       4
       3
       2
       3
       4
       5
       2
       2
       1
       3
       1
       2
       0
       1
       0
       0
       1
       1
       0
       0
       0
       0
       2
       0
       0
       2
       1
       1
       0
       0
       0
       0
       0
       2
       0
       0
       0
       0
       0
       0
       2
       0
       0
       0
       1
       0
       0
       0
       0
       0
       1
       0
       0
       0
       0
       0
       0
       0
       0
       0
       1
       0
       1
       1
       0
       0
       0
       0
       1
       0
       0
       0
       0
       0
       0
       0
       1
       1
       0
       0
       1
       0
       0
       1
       0
       0
       0
       0
       0
       0
       0
       0
       1
       0
       0
       0
       1
       1
       0
       0
       0
       0
       0
       0
       0
       2
       1
       0
       0
       1
       1
       0
       1
       0
       0
       0
       0
       0
       1
       0
       1
       0
       0
       0
       1
       0
       1
       0
       0
       0
       0
       0
       0
       0
       0
       0
       1
       0
       0
       0
       0
       0
       0
       0
       0
       0
       0
       0
       0
       2
       0
       0
       0
       0
       0
       1
       0
       0
       0
       1
       0
       0
       1
       1
       1
       0
       0
       0
       0
       0
       0
       0
       0
       0
       0
       1
       0
       0
       1
       0
       0
       0
       0
       1
       0
       0
       0
       0
       0
       0
       1
       0
       0
       0
       0
       0
       0
       1
       0
       0
       0
       0
       0
       1
       0
       0
       0
       0
       0
       1
       0
       1
       0
       0
       0
       0
       0
       0
       1
       0
       0
       0
       0
       1
       0
       0
       0
       0
       0
       0
       1
       1
       1
       0
       1
       0
       0
       1
       2
       0
       1
       0
       0
       0
       0
       0
       0
       0
       0
       0
       0
       0
       0
       0
       0
       0
       1
       0
       0
       0
       0
       0
       0
       0
       0
       0
       0
       0
       0
       0
       0
       0
       1
       1
       0
       0
       0
       0
       0
       0
       0
       0
       0
       0
       0
       0
       1
       0
       0
       0
       0
       0
       0
       1
       0
       0
       0
       0
       0
       0
       1
       0
       0
       0
       0
       0
       0
       0
       0
       0
       0
       0
       0
       0
       0
       0
       0
       0
       0
       0
       0
       0
       0
       0
       0
       0
       0
       0
       0
       0
       0
       0
       0
       0
       0
       1
       0
       0
       0
       0
       0
       0
       1
       0
       0
       0
       0
       0
       0
       0
       0
       0
       0
       0
       0
       0
       0
       0
       0
       0
       0
       0
       0
       0
       0
       0
       1
       0
       0
       0
       0
       0
       0
       0
       0
       0
       0
       0
       0
       0
       1
       0
       0
       0
       0
       0
       0
       0
       0
       0
       0
       0
       0
       0
       0
       2
       0
       0
       0
       0
       0
       0
       0
       0
       0
       0
       0
       0
       0
       1
       0
       0
       0
       1
       0
       0
       0
       0
       0
       0
       0
       0
       0
       0
       0
       0
       0
       0
       0
       0
       1
       0
       0
       0
       0
       0
       0
       0
       0
       0
       0
       0
       0
       0
       0
       0
       0
       0
       0
       0
       0
       0
       0
       0
       0
       0
       0
       0
       0
       0
       0
       0
       0
       0
       0
       0
       0
       0
       0
       0
       0
       0
       0
       1
       0
       0
       0
       0
       0
       0
       0
       0
       0
       0
       0
       0
       0
       0
       0
       0
       0
       0
       0
       0
       0
       0
       0
       0
       0
       0
       0
       1
       0
       0
       0
       0
       0
       0
       0
       0
       0
       0
       0
       0
       0
       0
       0
       0
       0
       0
       0
       0
       0
       0
       0
       0
       0
       0
       0
       0
       0
       0
       0
       0
       0
       0
       0
       0
       0
       0
       0
       0
       0
       0
       0
       0
       0
       0
       0
       0
       0
       0
       0
       0
       0
       0
       0
       0
       0
       0
       0
       0
       0
       0
       0
       0
       0
       0
       0
       0
       0
       0
       0
       0
       0
       0
       0
       0
       0
       0
       0
       0
       0
       0
       0
       0
       0
       0
       0
       0
       1
       0
       0
       0
       0
       0
       0
       0
       0
       0
       0
       0
       0
       0
       0
       0
       1
       0
       1
       0
       0
       0
       0
       0
       0
       0
       0
       0
       1
       0
       0
       0
       0
       0
       0
       0
       1
       0
       1
       0
       0
       0
       0
       0
       0
       0
       0
       0
       0
       0
       1
       0
       0
       0
       0
       0
       0
       0
       0
       0
       0
       0
       0
       0
       0
       0
       0
       0
       0
       0
       0
       0
$ROI:
1
264 378
$PRESETS:
Live Time
360
0
$ENER_FIT:
0.000000 0.000000
$MCA_CAL:
3
0.000000E+000 0.000000E+000 0.000000E+000 
$SHAPE_CAL:
3
0.000000E+000 0.000000E+000 0.000000E+000
