$SPEC_ID:
No sample description was entered.
$SPEC_REM:
DET# 17
DETDESC# WD011-05 Easy-MCA-8k SN 13260149
AP# Maestro Version 7.01
$DATE_MEA:
06/12/2017 10:25:55
$MEAS_TIM:
2528 2556
$DATA:
0 1023
       0
       0
       0
       0
       0
       0
       0
       0
       0
       0
       0
       0
       0
       0
       0
       0
       0
       0
       0
       0
       0
       0
       0
       0
       0
       0
       0
       0
       0
       0
       0
       0
       0
       0
       0
       0
       0
       0
       0
       0
       0
       0
       0
       0
       0
       0
       0
       0
       0
       0
       0
       0
       0
       0
       0
       0
       0
      41
     354
     333
     264
     221
     165
     156
     144
     138
     114
     119
     123
     109
     116
      97
      95
     100
      95
      79
      92
      91
      89
      81
      82
      83
      65
      74
      72
      74
      71
      56
      68
      69
      60
      62
      54
      50
      52
      52
      40
      52
      60
      39
      31
      42
      45
      37
      43
      39
      37
      26
      39
      30
      29
      43
      26
      31
      23
      30
      24
      24
      28
      25
      15
      18
      23
      28
      19
      18
      15
      16
      16
      22
      13
      16
      17
       8
      12
      11
      16
       7
      14
      20
       9
       9
      13
      16
      11
      12
      10
      10
      14
       7
      10
       8
      10
      10
      12
       8
       7
      11
       3
      12
      10
      12
       9
       9
      11
      12
       8
       6
      11
      14
      11
      13
       7
       6
       4
      11
       8
       7
      11
       8
       5
       5
       5
       8
      10
       8
       3
       9
       8
      10
       6
       5
       3
       7
      10
       5
       8
       4
       4
       6
       5
       8
       4
       7
       9
       5
       9
       9
       7
       9
       4
       4
       5
       2
       8
       8
       3
       8
       8
       3
       6
       3
       1
       6
       3
       2
       6
       2
       6
       6
      14
       8
       4
       4
       7
       3
       5
       3
       4
       4
       5
       4
       5
       4
       1
       6
       3
       3
       7
       1
       3
       4
       4
       5
       2
       4
       5
       3
       1
       2
       4
       2
       2
       5
       2
       3
       2
       3
       3
       4
       6
       1
       3
       9
       2
       3
       3
       4
       4
       7
       2
       4
       5
       4
       4
       5
       3
       6
       5
       5
       6
       4
       4
       3
       2
       1
       3
       4
       5
       3
       6
       4
       2
       2
       4
       5
       0
       1
       2
       7
       4
       3
       4
       0
       1
       2
       5
       1
       3
       3
       2
       3
       3
       3
       3
       1
       1
       2
       5
       4
       2
       3
       1
       3
       1
       0
       2
       2
       4
       4
       1
       2
       5
       1
       2
       3
       2
       1
       2
       2
       0
       2
       2
       2
       0
       1
       4
       1
       3
       3
       2
       2
       1
       0
       2
       2
       2
       3
       6
       3
       3
       1
       2
       2
       1
       3
       2
       2
       2
       1
       1
       2
       0
       3
       2
       3
       4
       1
       2
       1
       1
       3
       2
       4
       2
       2
       3
       1
       1
       4
       5
       1
       0
       1
       3
       1
       1
       2
       0
       2
       3
       1
       1
       0
       2
       0
       1
       1
       0
       2
       0
       2
       1
       2
       3
       2
       2
       1
       0
       1
       1
       0
       4
       3
       2
       0
       2
       1
       2
       3
       4
       0
       1
       0
       1
       3
       3
       0
       3
       1
       2
       2
       2
       3
       1
       1
       1
       2
       1
       2
       1
       0
       1
       0
       1
       3
       2
       1
       1
       0
       1
       1
       3
       0
       1
       3
       3
       0
       4
       3
       0
       3
       1
       0
       3
       4
       3
       1
       1
       1
       2
       1
       1
       1
       1
       2
       0
       3
       1
       2
       0
       0
       1
       1
       3
       1
       1
       2
       1
       1
       2
       3
       1
       2
       0
       2
       0
       2
       1
       2
       1
       1
       0
       1
       1
       0
       1
       0
       1
       1
       3
       1
       0
       1
       3
       0
       0
       1
       3
       2
       0
       1
       1
       2
       1
       2
       1
       2
       0
       2
       2
       1
       3
       5
       1
       1
       0
       0
       0
       2
       3
       1
       0
       2
       2
       1
       1
       2
       4
       3
       2
       1
       0
       1
       3
       2
       0
       2
       0
       1
       1
       1
       1
       2
       1
       1
       1
       0
       2
       1
       0
       2
       1
       0
       1
       0
       0
       1
       1
       2
       2
       1
       3
       2
       1
       0
       1
       2
       1
       2
       0
       2
       0
       1
       1
       4
       1
       0
       1
       2
       2
       3
       2
       2
       1
       0
       0
       2
       1
       0
       0
       1
       1
       3
       1
       1
       1
       1
       1
       0
       0
       2
       2
       1
       1
       0
       0
       0
       0
       1
       1
       1
       0
       0
       0
       0
       1
       0
       2
       2
       0
       1
       0
       0
       0
       1
       0
       1
       0
       1
       0
       3
       0
       0
       0
       1
       1
       1
       0
       1
       0
       1
       0
       0
       0
       1
       0
       0
       2
       0
       1
       0
       0
       0
       0
       0
       0
       0
       0
       0
       0
       1
       0
       0
       0
       0
       2
       0
       0
       0
       0
       0
       2
       0
       0
       0
       0
       0
       0
       1
       0
       0
       2
       1
       1
       0
       0
       1
       0
       0
       1
       0
       1
       0
       0
       0
       0
       1
       1
       2
       0
       0
       0
       1
       0
       0
       3
       0
       1
       0
       2
       0
       0
       0
       3
       0
       0
       3
       0
       1
       0
       0
       1
       1
       1
       1
       1
       0
       1
       0
       0
       0
       1
       1
       0
       0
       0
       1
       0
       1
       0
       1
       1
       1
       3
       0
       0
       0
       0
       1
       0
       0
       0
       0
       1
       0
       1
       0
       0
       0
       0
       0
       0
       0
       0
       0
       0
       0
       0
       0
       0
       0
       0
       0
       0
       0
       1
       0
       2
       0
       0
       0
       1
       1
       1
       0
       0
       1
       0
       1
       0
       0
       0
       0
       0
       1
       0
       0
       1
       0
       0
       0
       0
       0
       0
       0
       1
       0
       0
       0
       0
       0
       1
       0
       1
       0
       0
       0
       0
       1
       0
       0
       0
       1
       0
       0
       0
       0
       0
       0
       0
       0
       0
       0
       0
       0
       0
       0
       0
       0
       1
       0
       0
       0
       1
       2
       0
       0
       1
       1
       0
       0
       0
       0
       1
       0
       2
       1
       0
       1
       0
       0
       0
       1
       0
       1
       0
       0
       0
       0
       1
       0
       0
       0
       2
       0
       0
       0
       0
       0
       0
       0
       0
       1
       0
       0
       0
       0
       0
       1
       0
       1
       0
       0
       0
       0
       0
       0
       1
       0
       1
       0
       0
       1
       0
       1
       0
       0
       1
       0
       0
       0
       0
       0
       1
       1
       0
       0
       0
       0
       1
       0
       0
       0
       0
       0
       0
       0
       0
       0
       1
       0
       0
       1
       1
       0
       0
       0
       0
       0
       1
       0
       0
       2
       0
       0
       0
       0
       0
       0
       1
       0
       0
       2
       1
       1
       0
       1
       1
       1
       1
       1
       0
       0
       0
       0
       0
       0
       0
       0
       0
       0
       0
       0
       0
       0
       0
       0
       0
       0
       0
       0
       0
       0
$ROI:
1
264 378
$PRESETS:
Live Time
2700
0
$ENER_FIT:
0.000000 0.000000
$MCA_CAL:
3
0.000000E+000 0.000000E+000 0.000000E+000 
$SHAPE_CAL:
3
0.000000E+000 0.000000E+000 0.000000E+000
