$SPEC_ID:
No sample description was entered.
$SPEC_REM:
DET# 17
DETDESC# WD011-05 Easy-MCA-8k SN 13260149
AP# Maestro Version 7.01
$DATE_MEA:
06/19/2017 12:12:05
$MEAS_TIM:
3600 3697
$DATA:
0 1023
       0
       0
       0
       0
       0
       0
       0
       0
       0
       0
       0
       0
       0
       0
       0
       0
       0
       0
       0
       0
       0
       0
       0
       0
       0
       0
       0
       0
       0
       0
       0
       0
       0
       0
       0
       0
       0
       0
       0
       0
       0
       0
       0
       0
       0
       0
       0
       0
       0
       0
       0
       0
       0
       0
       0
       0
       0
       0
       0
       0
       0
       0
       0
       0
       0
       0
       0
       0
       0
       0
       0
       0
       0
       0
       0
       0
       0
       0
       0
       0
       0
      60
    1592
    2435
    2057
    1610
    1213
     990
     715
     564
     431
     334
     286
     218
     167
     149
     128
     101
      75
      67
      92
      61
      62
      49
      53
      52
      57
      46
      52
      38
      37
      38
      29
      35
      20
      26
      25
      28
      28
      33
      26
      22
      24
      29
      16
      23
      21
      20
      14
      15
      20
      17
      24
      13
      15
      28
      21
      22
      14
      20
      20
      19
      22
      10
      12
      14
      10
      10
      17
      14
      13
       6
      19
      17
      12
       9
       9
      13
      19
      13
      13
       2
      14
       8
      11
      10
      12
       9
      12
      13
      12
       8
      10
      10
      11
       8
      11
      11
      12
       6
       9
       7
      11
      10
      10
       8
       9
      10
       6
       9
       7
       3
       6
      11
       8
       6
      10
       6
       9
       5
       5
      15
       9
       5
       9
       5
       7
      11
       4
       7
       4
       4
       2
       4
      10
       9
       4
       5
       8
       6
      13
       6
       8
       7
       6
       6
       5
       7
      10
       7
       6
       7
       7
       5
       9
       6
       3
      11
       7
       7
       5
       4
       5
       3
       4
       2
       6
       3
       1
       4
       2
       0
       2
       5
       6
       3
      10
       2
      10
       5
       6
       6
       3
       3
       9
       1
       4
       4
       4
       9
       3
       4
       6
       4
       3
       4
       3
       3
       9
       5
       2
       4
       8
       7
       0
       5
       4
       3
       4
       2
       4
       2
       2
       2
       1
       1
       4
       6
       1
       3
       5
       3
       2
       1
       7
       1
       5
       1
      11
       3
       4
       2
       3
       2
       8
       3
       0
       6
       6
       4
       4
       5
       1
       5
       3
       4
       3
       4
       3
       2
       6
       3
       3
       5
       5
       6
       1
       2
       2
       4
       3
       3
       2
       7
       2
       7
       5
       2
       5
       6
       4
       2
       6
       4
       4
       6
       3
       5
       3
       2
       6
       2
       3
       1
       3
       6
       4
       1
       6
       0
       5
       4
       4
       1
       3
       3
       2
       3
       0
       2
       3
       4
       1
       4
       3
       6
       0
       4
       4
       2
       2
       4
       2
       2
       3
       5
       1
       3
       0
       3
       2
       1
       3
       3
       2
       1
       2
       1
       3
       2
       0
       4
       3
       3
       2
       1
       0
       4
       1
       2
       1
       2
       0
       1
       0
       2
       2
       2
       3
       1
       3
       3
       3
       1
       2
       2
       1
       2
       2
       1
       4
       0
       4
       0
       1
       2
       3
       2
       2
       3
       1
       1
       1
       3
       1
       3
       1
       4
       2
       1
       1
       4
       0
       3
       1
       2
       2
       4
       2
       3
       3
       3
       5
       2
       1
       4
       2
       0
       2
       2
       3
       1
       0
       1
       1
       1
       4
       5
       3
       3
       2
       4
       2
       3
       0
       4
       1
       2
       2
       3
       2
       3
       4
       5
       1
       1
       2
       1
       2
       2
       1
       0
       1
       0
       1
       2
       0
       1
       1
       1
       4
       1
       2
       0
       2
       1
       1
       1
       2
       4
       0
       0
       2
       2
       2
       2
       1
       2
       0
       2
       2
       0
       2
       3
       1
       0
       2
       0
       1
       2
       0
       0
       0
       2
       0
       0
       0
       0
       0
       1
       0
       0
       0
       2
       0
       1
       0
       1
       0
       0
       2
       1
       1
       0
       0
       0
       0
       0
       2
       0
       1
       1
       0
       0
       1
       1
       0
       1
       0
       0
       0
       1
       0
       1
       0
       1
       1
       1
       0
       1
       1
       3
       2
       0
       0
       0
       5
       2
       0
       0
       0
       1
       3
       3
       2
       1
       1
       2
       1
       2
       2
       1
       3
       2
       1
       0
       0
       1
       0
       1
       3
       2
       0
       1
       2
       2
       0
       2
       0
       0
       0
       1
       0
       0
       0
       2
       0
       0
       2
       0
       1
       0
       0
       0
       0
       0
       0
       1
       1
       0
       2
       0
       1
       0
       1
       0
       0
       1
       0
       0
       2
       0
       0
       0
       0
       1
       1
       1
       0
       0
       0
       0
       0
       0
       0
       1
       0
       0
       0
       0
       0
       0
       1
       1
       0
       0
       0
       1
       1
       0
       1
       4
       0
       0
       0
       0
       1
       0
       0
       0
       0
       0
       0
       0
       0
       0
       0
       0
       0
       0
       0
       0
       0
       1
       0
       0
       0
       0
       0
       0
       1
       0
       0
       0
       0
       0
       1
       0
       0
       0
       0
       1
       2
       0
       1
       1
       0
       0
       0
       0
       0
       1
       0
       0
       1
       0
       0
       0
       0
       0
       0
       0
       0
       1
       2
       1
       2
       1
       2
       2
       0
       0
       1
       1
       0
       1
       0
       0
       0
       1
       0
       1
       0
       0
       0
       2
       0
       1
       2
       1
       1
       0
       0
       0
       1
       0
       0
       1
       0
       1
       1
       4
       1
       0
       2
       0
       0
       1
       1
       0
       0
       3
       1
       2
       0
       3
       0
       1
       1
       0
       0
       0
       1
       0
       1
       0
       0
       0
       1
       2
       3
       1
       4
       0
       0
       2
       0
       2
       0
       2
       4
       1
       1
       2
       1
       0
       1
       2
       1
       1
       1
       0
       2
       0
       2
       1
       0
       0
       1
       2
       1
       1
       0
       2
       0
       0
       0
       0
       0
       2
       0
       3
       2
       1
       1
       1
       2
       1
       1
       0
       0
       1
       2
       0
       0
       0
       0
       0
       0
       0
       1
       0
       1
       1
       1
       1
       0
       0
       1
       0
       0
       1
       1
       2
       0
       2
       2
       0
       0
       0
       1
       0
       2
       1
       0
       0
       1
       1
       0
       0
       0
       1
       0
       1
       0
       4
       1
       1
       1
       1
       1
       0
       3
       2
       1
       0
       2
       0
       0
       0
       0
       2
       2
       0
       3
       1
       2
       1
       2
       1
       1
       2
       0
       2
       0
       1
       0
       0
       2
       0
       2
       0
       3
       1
       2
       1
       3
       2
       0
       2
       1
       2
       0
       0
       2
       0
       1
       0
       2
       1
       0
       0
       1
       2
       2
       2
       1
       2
       1
       2
       1
       0
       3
       1
       0
       1
       1
       0
       0
       1
       1
       0
       1
       0
       1
       0
       0
       0
       0
       0
       0
       0
       0
       0
       0
       0
       0
       0
       0
       0
       0
       0
       0
       0
$ROI:
1
196 307
$PRESETS:
Live Time
3600
0
$ENER_FIT:
0.000000 0.000000
$MCA_CAL:
3
0.000000E+000 0.000000E+000 0.000000E+000 
$SHAPE_CAL:
3
0.000000E+000 0.000000E+000 0.000000E+000
