$SPEC_ID:
No sample description was entered.
$SPEC_REM:
DET# 3
DETDESC# WD011-05 Easy-MCA-8k SN 13260149
AP# Maestro Version 7.01
$DATE_MEA:
04/03/2017 10:28:29
$MEAS_TIM:
1804 1804
$DATA:
0 1023
       0
       0
       0
     664
     244
     106
      61
      43
      34
      42
      40
      28
      32
      38
      32
      39
      50
      36
      88
     148
     187
     216
     183
     150
      69
      66
      51
      34
      37
      32
      31
      42
      43
      39
      51
      57
      54
      55
      54
      55
      60
      64
      66
      52
      88
      70
      82
      63
      81
      78
      76
      91
      68
      78
      80
      68
      74
      81
      65
      72
      89
      86
      80
      67
      71
      60
      72
      83
      89
      72
      83
      76
      76
      73
      73
      68
      61
      66
      78
      61
      45
      66
      55
      57
      66
      56
      47
      61
      53
      46
      47
      48
      51
      56
      41
      38
      37
      36
      40
      39
      47
      44
      41
      44
      48
      42
      40
      31
      39
      47
      33
      34
      36
      43
      16
      26
      14
      16
      24
      23
      19
      17
      15
      33
      14
      19
      19
      13
      17
      21
      25
      15
      24
      14
      27
      15
      19
      15
      21
      13
      13
      13
      14
      15
      15
      14
       9
       8
       9
      12
      14
      13
      18
      14
      10
      11
       9
      12
      14
      11
      11
      11
      11
      12
      10
       6
       3
       7
      15
       7
       5
       7
      10
       8
       6
       9
       7
       8
       4
       7
       4
       6
       9
       5
       8
       4
       4
       5
       5
       5
       6
       3
       3
       8
       6
       2
      10
       3
       2
       7
       8
       6
      10
       8
       5
       8
       6
       4
      10
       3
       3
       2
       6
       7
       2
       4
       7
       6
       6
       2
       6
       3
       1
       3
       5
       6
       7
       6
       2
       1
       4
       8
       5
       1
       7
       3
       3
       4
       1
       3
       5
       1
       5
       4
       6
       1
       4
       6
       4
       2
       1
       1
       3
       4
       7
       1
       2
       4
       1
       7
       2
       5
       4
       1
       5
       3
       3
       3
       3
       2
       3
       4
       1
       4
       6
       5
       1
       2
       3
       0
       5
       1
       4
       4
       1
       0
       5
       2
       4
       2
       4
       5
       3
       4
       2
       3
       0
       0
       4
       3
       2
       2
       4
       6
       3
       1
       1
       2
       3
       3
       7
       7
       3
       2
       3
       2
       2
       4
       4
       3
       2
       3
       2
       1
       2
       1
       1
       2
       6
       1
       1
       3
       1
       4
       2
       1
       4
       2
       0
       1
       2
       2
       1
       2
       2
       3
       2
       2
       2
       2
       1
       1
       1
       0
       0
       2
       4
       2
       6
       3
       2
       0
       0
       3
       0
       3
       3
       0
       2
       3
       1
       0
       4
       0
       0
       4
       0
       0
       4
       1
       1
       0
       3
       1
       1
       1
       0
       2
       1
       1
       2
       2
       2
       1
       1
       3
       1
       0
       1
       3
       1
       2
       1
       2
       2
       3
       1
       0
       1
       1
       2
       3
       0
       1
       0
       1
       3
       3
       0
       1
       3
       3
       2
       2
       2
       0
       1
       3
       1
       0
       0
       2
       2
       1
       0
       1
       1
       1
       2
       1
       2
       2
       1
       2
       1
       1
       1
       1
       3
       2
       2
       2
       0
       0
       1
       5
       1
       1
       0
       1
       1
       0
       1
       3
       0
       3
       1
       2
       2
       2
       2
       2
       1
       0
       2
       0
       2
       1
       2
       0
       2
       2
       0
       0
       3
       1
       0
       1
       1
       1
       3
       3
       1
       1
       1
       1
       0
       2
       2
       1
       1
       1
       1
       2
       1
       1
       1
       0
       0
       1
       0
       0
       2
       0
       1
       0
       1
       1
       1
       1
       0
       1
       1
       0
       3
       2
       0
       0
       1
       0
       1
       2
       0
       1
       0
       1
       2
       1
       0
       0
       2
       0
       4
       1
       0
       1
       1
       0
       1
       1
       0
       1
       0
       0
       0
       0
       0
       1
       1
       2
       0
       0
       1
       1
       1
       2
       1
       0
       0
       1
       2
       0
       0
       1
       3
       0
       1
       1
       1
       1
       1
       1
       0
       2
       0
       1
       1
       3
       0
       0
       1
       0
       0
       0
       0
       0
       0
       1
       0
       0
       0
       4
       2
       2
       1
       1
       1
       1
       1
       0
       0
       1
       0
       1
       2
       3
       2
       2
       0
       1
       1
       2
       0
       1
       2
       0
       2
       1
       0
       1
       0
       1
       2
       0
       2
       0
       2
       2
       0
       1
       0
       0
       0
       0
       0
       0
       2
       0
       0
       1
       2
       0
       0
       1
       0
       0
       0
       1
       0
       1
       2
       2
       2
       0
       1
       3
       0
       0
       1
       0
       0
       1
       2
       0
       0
       0
       0
       0
       1
       0
       1
       0
       1
       0
       2
       1
       0
       0
       0
       0
       1
       0
       1
       0
       1
       1
       2
       0
       0
       0
       0
       0
       0
       0
       1
       0
       0
       1
       1
       0
       1
       0
       0
       1
       0
       2
       2
       0
       0
       1
       0
       1
       2
       0
       0
       0
       0
       1
       2
       1
       0
       0
       0
       0
       1
       0
       0
       0
       0
       0
       0
       0
       1
       1
       0
       2
       0
       1
       0
       0
       6
       2
       1
       1
       0
       0
       0
       0
       0
       0
       2
       0
       1
       1
       0
       0
       1
       1
       1
       1
       1
       0
       0
       2
       0
       2
       0
       1
       1
       0
       0
       2
       1
       0
       0
       1
       1
       0
       0
       1
       3
       0
       0
       0
       0
       1
       2
       1
       1
       0
       1
       1
       1
       0
       1
       0
       1
       1
       1
       1
       0
       1
       1
       1
       1
       0
       0
       1
       0
       0
       0
       0
       0
       0
       0
       0
       0
       1
       0
       0
       0
       0
       2
       1
       1
       0
       0
       0
       0
       0
       0
       1
       0
       1
       1
       1
       1
       1
       0
       0
       0
       1
       0
       0
       1
       0
       1
       0
       1
       0
       2
       1
       0
       2
       0
       1
       0
       1
       0
       2
       0
       0
       1
       1
       0
       1
       0
       1
       1
       0
       0
       0
       0
       1
       1
       0
       1
       1
       0
       0
       2
       0
       0
       1
       1
       0
       1
       0
       1
       0
       1
       0
       0
       0
       0
       2
       0
       0
       0
       0
       1
       0
       0
       0
       0
       0
       1
       0
       0
       0
       0
       0
       0
       0
       0
       0
       0
       0
       0
       0
       0
       0
       0
       1
       0
       0
       1
       2
       0
       1
       0
       0
       1
       0
       0
       1
       2
       0
       0
       1
       0
       1
       0
       1
       0
       1
       0
       0
       0
       0
       0
       0
       0
       0
       0
       0
       0
       0
       0
       0
       0
       0
       0
       0
       1
       0
       0
       0
       0
       0
       0
       0
       0
       0
       0
       0
       0
       0
       1
       0
       0
       0
       0
       0
       0
       0
       0
       1
       0
       0
       1
       0
       0
       0
       0
       0
       0
       0
       0
       0
       0
       0
       0
       0
       0
       0
       0
       0
       0
       0
       0
       0
       0
       0
$ROI:
1
411 499
$PRESETS:
Live Time
2700
0
$ENER_FIT:
0.000000 0.000000
$MCA_CAL:
3
0.000000E+000 0.000000E+000 0.000000E+000 
$SHAPE_CAL:
3
0.000000E+000 0.000000E+000 0.000000E+000
