$SPEC_ID:
No sample description was entered.
$SPEC_REM:
DET# 3
DETDESC# WD011-05 Easy-MCA-8k SN 13260149
AP# Maestro Version 7.01
$DATE_MEA:
03/31/2017 11:13:12
$MEAS_TIM:
240 240
$DATA:
0 1023
       0
       0
       0
     138
     305
     179
     177
     167
     194
     174
     158
     169
     171
     178
     223
     275
     298
     348
     449
     421
     399
     371
     314
     231
     221
     181
     188
     169
     135
     164
     190
     147
     166
     185
     155
     155
     175
     190
     158
     149
     175
     159
     166
     192
     171
     181
     196
     176
     177
     184
     194
     188
     171
     167
     176
     167
     149
     193
     205
     166
     167
     177
     153
     175
     185
     173
     194
     213
     196
     199
     193
     202
     204
     203
     183
     183
     193
     191
     195
     212
     187
     199
     176
     219
     185
     194
     175
     206
     183
     183
     176
     166
     181
     180
     175
     202
     163
     173
     182
     172
     182
     197
     181
     204
     204
     183
     189
     209
     215
     187
     219
     222
     225
     213
     214
     192
     226
     205
     180
     197
     205
     162
     160
     172
     198
     151
     166
     133
     170
     161
     139
     144
     145
     169
     126
     145
     126
     132
     151
     129
     129
     154
     130
     128
     141
     133
     106
     116
     121
     125
     118
     100
     114
     120
     104
     109
     118
     110
     101
     105
     114
     107
      93
     108
     114
      85
      97
     109
      98
      88
      89
     103
      96
     111
     104
      84
     100
     112
      88
      93
      85
      69
      82
      89
      85
      83
      90
      90
      84
      83
      98
      90
      76
      97
      83
      82
      74
      86
      85
      94
      76
      80
      93
      75
      74
      75
      82
      69
      79
      72
      78
      77
      64
      74
      65
      74
      79
      72
      65
      69
      59
      71
      64
      71
      86
      87
      69
      77
      81
      84
      66
      69
      69
      70
      75
      74
      80
      75
      74
      91
      75
      67
      64
      81
      79
      89
      72
      78
      81
      63
      77
      98
      79
      78
      67
      88
      61
      73
      80
      70
      77
      87
      70
      90
      71
      69
      58
      72
      76
      72
      79
      64
      89
      73
      80
      71
      68
      67
      61
      87
      97
      87
      73
      88
      79
      72
      66
      87
      83
      76
      71
      87
     100
      81
      69
      90
      83
      73
      78
      80
      78
      77
      83
      79
      80
      67
      77
      80
      78
      75
      68
      73
      86
      75
      65
      64
      82
      57
      64
      66
      56
      52
      62
      60
      57
      52
      48
      49
      51
      44
      43
      34
      42
      36
      39
      33
      36
      26
      29
      22
      31
      26
      22
      22
      18
      23
      20
      28
      19
      16
      17
      17
      21
      21
      14
      16
      17
      15
      21
      20
      15
      14
      11
      10
      10
      15
       6
      13
      18
       8
       7
      12
      16
      12
       9
      15
      10
       6
       9
      12
      10
       5
       8
      10
       9
       9
      11
       9
      10
       7
       6
       8
       8
       6
       5
      12
       8
       4
       6
       4
       8
       3
       7
       6
       6
      14
       3
       8
       4
       7
       7
       4
       5
      13
       6
       5
      11
       9
       8
       6
       8
       6
       6
       7
      10
       2
       8
       9
       8
       9
      15
      12
       9
      13
       9
      20
      15
      13
      12
      16
      21
      17
      23
      18
      20
      27
      24
      24
      30
      43
      39
      45
      43
      55
      59
      76
      74
      66
      87
      93
      78
      80
      95
     102
     105
      92
     114
     130
     126
     126
     108
     138
     124
     127
     118
     150
     130
     128
     135
      97
     129
     121
     119
     114
     128
      94
      85
      90
      84
      78
      61
      74
      54
      52
      46
      54
      41
      40
      36
      33
      25
      20
      23
      16
      14
       9
      11
       6
       6
       8
       6
       4
       7
       1
       3
       2
       2
       1
       0
       1
       1
       1
       0
       0
       0
       2
       2
       0
       2
       1
       1
       1
       0
       0
       0
       0
       0
       0
       0
       1
       0
       0
       1
       0
       0
       0
       0
       2
       0
       0
       0
       1
       0
       0
       0
       0
       0
       0
       0
       0
       1
       0
       0
       0
       0
       0
       0
       0
       0
       0
       0
       0
       1
       0
       0
       0
       0
       0
       0
       0
       0
       0
       0
       0
       0
       0
       1
       1
       0
       0
       0
       0
       0
       0
       0
       0
       0
       0
       0
       0
       0
       0
       0
       0
       0
       0
       0
       0
       0
       0
       1
       1
       0
       1
       0
       1
       0
       0
       0
       1
       0
       0
       0
       0
       0
       0
       0
       0
       0
       0
       0
       0
       0
       0
       0
       0
       0
       0
       0
       0
       0
       0
       0
       1
       0
       0
       1
       0
       0
       0
       0
       0
       0
       0
       0
       0
       0
       0
       0
       0
       0
       0
       0
       0
       0
       0
       0
       1
       0
       0
       0
       0
       0
       0
       0
       0
       0
       0
       0
       0
       0
       1
       0
       1
       0
       0
       0
       0
       0
       1
       0
       0
       0
       0
       0
       0
       0
       0
       0
       0
       0
       0
       0
       0
       0
       0
       0
       0
       0
       0
       0
       1
       0
       0
       0
       0
       0
       0
       1
       0
       0
       0
       0
       0
       0
       0
       0
       0
       0
       0
       0
       1
       0
       0
       0
       0
       0
       0
       1
       0
       0
       0
       1
       0
       0
       0
       0
       0
       0
       0
       0
       0
       0
       0
       0
       0
       0
       0
       0
       0
       0
       0
       0
       0
       0
       0
       0
       0
       0
       0
       0
       0
       0
       1
       0
       0
       0
       0
       0
       0
       0
       0
       0
       0
       0
       0
       0
       0
       0
       0
       0
       0
       0
       0
       0
       0
       0
       0
       0
       1
       0
       0
       1
       1
       0
       0
       1
       0
       0
       0
       0
       0
       0
       0
       1
       0
       0
       0
       0
       0
       0
       0
       0
       0
       0
       0
       0
       0
       1
       0
       0
       1
       0
       0
       0
       0
       0
       0
       0
       0
       0
       0
       0
       0
       0
       0
       0
       0
       0
       0
       0
       0
       0
       0
       0
       0
       1
       0
       0
       0
       0
       0
       0
       0
       0
       0
       0
       0
       0
       0
       0
       0
       0
       0
       0
       0
       0
       0
       0
       1
       0
       1
       1
       0
       0
       0
       0
       0
       0
       0
       0
       0
       0
       0
       0
       0
       0
       0
       0
       0
       0
       0
       0
       0
       1
       0
       0
       0
       0
       0
       0
       0
       0
       0
       0
       0
       0
       0
       0
       0
       0
       0
       0
       0
       0
       0
       0
       0
       0
       0
       0
       0
       0
       0
       0
       0
       0
       0
       0
       0
       0
       0
       0
       0
       0
       0
       0
       0
       0
       0
       0
       0
       0
       0
       0
       0
       0
       0
       0
       0
       0
       0
       0
       0
       0
       0
       0
       0
       0
       0
       0
       1
       0
       0
       0
       0
       0
       0
       1
       0
       0
       0
       0
       0
       0
       0
       0
       0
       0
       0
       0
       0
       0
       0
       0
       0
       0
       0
       0
       0
       0
       0
       0
       0
       0
       0
       0
       0
       0
       0
       0
       0
       0
       0
       0
       0
       0
       0
       0
       0
       0
       0
       0
       0
$ROI:
1
414 510
$PRESETS:
Live Time
240
0
$ENER_FIT:
0.000000 0.000000
$MCA_CAL:
3
0.000000E+000 0.000000E+000 0.000000E+000 
$SHAPE_CAL:
3
0.000000E+000 0.000000E+000 0.000000E+000
