$SPEC_ID:
No sample description was entered.
$SPEC_REM:
DET# 3
DETDESC# WD011-05 Easy-MCA-8k SN 13260149
AP# Maestro Version 7.01
$DATE_MEA:
03/31/2017 10:46:32
$MEAS_TIM:
240 240
$DATA:
0 1023
       0
       0
       0
     109
     228
     179
     152
     164
     152
     166
     190
     183
     203
     204
     270
     351
     404
     450
     448
     414
     340
     314
     230
     205
     193
     158
     158
     170
     170
     152
     163
     176
     163
     155
     184
     184
     172
     176
     158
     145
     169
     176
     179
     183
     181
     172
     185
     197
     181
     197
     186
     181
     188
     168
     168
     179
     181
     214
     179
     196
     202
     197
     191
     185
     207
     194
     179
     186
     212
     232
     184
     193
     188
     189
     210
     223
     212
     194
     216
     193
     171
     200
     165
     166
     208
     188
     204
     182
     214
     176
     162
     172
     189
     195
     196
     177
     193
     201
     180
     209
     204
     206
     210
     219
     237
     234
     236
     261
     250
     228
     251
     228
     243
     234
     222
     243
     201
     183
     167
     184
     194
     168
     157
     184
     162
     153
     136
     135
     163
     163
     153
     176
     154
     163
     158
     131
     149
     138
     135
     155
     116
     143
     140
     118
     143
     119
     126
     120
     133
     115
     130
      89
     120
     104
     108
      99
     131
      85
     115
      96
     112
     109
      86
      90
      96
      90
      90
      90
      97
      91
      95
      89
     107
      90
      87
      95
      71
      83
     101
      84
      83
      91
      87
      88
      78
      72
      87
      94
      85
      77
      94
      67
      90
      65
      78
      83
      68
      73
      93
      87
      73
      82
      83
      75
      77
      80
      90
      87
      77
      74
      74
      77
      80
      79
      80
      81
      55
      71
      70
      83
      86
      64
      79
      66
      92
      71
      88
      76
      64
      81
      82
      81
      79
      75
      81
      82
      58
      72
      79
      89
      82
      61
      63
      82
      68
      87
      74
      72
      78
      58
      74
      72
      81
      79
      83
      76
      76
      88
      79
      74
      72
      86
      91
      81
      91
      86
      84
      90
      91
      93
      94
      77
      91
      82
      78
      87
      80
      92
      88
      92
      83
      80
      89
      75
      79
      68
      93
      98
      84
      87
      84
      65
      79
      93
      98
      83
      75
      81
      65
      92
      67
      58
      69
      69
      64
      60
      57
      74
      66
      57
      62
      61
      52
      45
      43
      53
      47
      55
      42
      34
      34
      37
      26
      33
      22
      37
      24
      29
      24
      18
      14
      24
      29
      21
      19
      19
      17
      17
      13
      18
      15
      13
      10
      17
      14
       9
      12
      14
      12
      11
      14
      14
      14
      10
       9
      17
       9
       9
      11
      11
       5
       9
      11
      13
      13
      10
       6
       8
      18
       6
       6
       7
       8
      10
      11
       9
       3
       8
       8
       7
       6
       5
      11
       6
       4
       7
       6
       8
       5
       8
       3
      11
       6
       6
       5
       6
       4
       4
       9
       7
       8
      11
       8
       9
      11
       9
       9
       8
      11
       4
      10
      10
      13
       7
      13
      15
      10
       9
      11
      17
      27
      17
      20
      27
      30
      25
      34
      37
      27
      40
      43
      36
      52
      59
      60
      80
      72
      81
      81
      87
      99
     101
      93
     116
     118
      99
     116
     126
     135
     160
     126
     148
     120
     140
     135
     141
     140
     130
     138
     154
      97
     111
     126
     108
      97
      93
      95
      74
      88
      69
      74
      45
      71
      39
      44
      33
      43
      30
      15
      24
      23
      18
      20
      16
       9
       9
       9
      12
       7
       7
       4
       2
       4
       1
       6
       0
       2
       0
       0
       1
       2
       2
       0
       3
       1
       2
       0
       1
       0
       1
       0
       0
       0
       1
       0
       0
       0
       0
       0
       0
       0
       0
       0
       0
       0
       0
       0
       1
       1
       0
       1
       1
       0
       0
       0
       0
       0
       0
       0
       0
       0
       0
       0
       0
       0
       0
       0
       0
       0
       0
       0
       0
       0
       1
       0
       0
       0
       0
       0
       1
       0
       0
       1
       0
       0
       1
       0
       0
       0
       0
       0
       0
       0
       0
       0
       1
       1
       0
       0
       0
       0
       0
       0
       0
       0
       0
       0
       0
       0
       0
       0
       0
       0
       0
       1
       0
       0
       1
       0
       0
       0
       0
       0
       0
       0
       0
       0
       0
       0
       0
       0
       0
       0
       0
       0
       0
       0
       0
       0
       0
       0
       0
       0
       0
       1
       0
       0
       0
       0
       0
       0
       1
       0
       0
       0
       0
       0
       0
       0
       0
       0
       0
       1
       0
       0
       0
       0
       0
       0
       0
       1
       0
       0
       0
       0
       0
       0
       0
       0
       0
       0
       0
       0
       0
       1
       0
       0
       0
       0
       1
       0
       0
       0
       0
       0
       0
       0
       0
       0
       0
       0
       0
       0
       0
       0
       0
       0
       0
       0
       0
       0
       0
       0
       0
       0
       0
       0
       0
       0
       0
       0
       0
       0
       1
       0
       0
       0
       0
       0
       0
       0
       0
       0
       0
       0
       0
       0
       0
       0
       0
       0
       0
       0
       0
       0
       0
       0
       0
       0
       0
       1
       0
       0
       0
       0
       0
       0
       0
       0
       0
       0
       0
       0
       0
       0
       0
       0
       0
       0
       0
       0
       0
       0
       0
       0
       0
       0
       0
       0
       0
       0
       0
       0
       0
       0
       0
       0
       0
       0
       0
       0
       0
       0
       0
       0
       0
       0
       1
       0
       0
       0
       0
       0
       0
       0
       1
       0
       0
       0
       0
       0
       0
       0
       0
       0
       0
       0
       0
       0
       0
       0
       0
       0
       0
       0
       0
       0
       0
       0
       0
       1
       0
       0
       0
       0
       0
       0
       0
       0
       0
       0
       1
       0
       0
       0
       0
       0
       0
       0
       0
       0
       0
       0
       0
       0
       0
       0
       0
       0
       0
       0
       2
       0
       0
       0
       0
       1
       1
       0
       1
       0
       1
       0
       0
       0
       0
       0
       0
       0
       0
       0
       0
       0
       1
       1
       0
       0
       0
       0
       0
       0
       0
       0
       0
       0
       0
       0
       0
       0
       0
       0
       0
       0
       0
       1
       1
       0
       0
       0
       0
       0
       0
       0
       0
       0
       0
       0
       0
       0
       1
       0
       0
       0
       0
       0
       0
       0
       0
       0
       0
       0
       0
       1
       0
       0
       0
       0
       0
       0
       0
       0
       0
       0
       0
       0
       0
       0
       0
       0
       0
       0
       0
       0
       0
       1
       0
       0
       0
       0
       0
       0
       0
       0
       0
       0
       0
       0
       0
       0
       0
       0
       0
       0
       0
       0
       0
       0
       0
       0
       0
       0
       0
       0
       0
       0
       0
       0
       0
       0
       0
       0
       0
       0
       0
       0
       0
       0
       0
       0
       0
       0
       0
       0
       0
       0
       0
       0
       0
       0
       0
       0
       0
       0
       0
       0
       0
       0
       0
       0
       0
       0
       0
       0
       0
       0
       0
       0
       0
       0
       0
       0
       0
       0
       0
       0
       0
       0
       0
       0
       0
       0
       0
       0
       0
$ROI:
1
414 510
$PRESETS:
Live Time
240
0
$ENER_FIT:
0.000000 0.000000
$MCA_CAL:
3
0.000000E+000 0.000000E+000 0.000000E+000 
$SHAPE_CAL:
3
0.000000E+000 0.000000E+000 0.000000E+000
