$SPEC_ID:
No sample description was entered.
$SPEC_REM:
DET# 3
DETDESC# WD011-05 Easy-MCA-8k SN 13260149
AP# Maestro Version 7.01
$DATE_MEA:
03/31/2017 11:04:29
$MEAS_TIM:
240 240
$DATA:
0 1023
       0
       0
       0
     213
     337
     224
     196
     235
     232
     216
     252
     322
     393
     466
     450
     471
     370
     258
     269
     223
     188
     208
     216
     201
     181
     192
     167
     190
     206
     199
     224
     167
     200
     236
     212
     191
     197
     213
     213
     233
     198
     236
     204
     225
     201
     193
     220
     204
     224
     220
     234
     229
     250
     233
     246
     226
     256
     240
     207
     221
     247
     234
     228
     239
     235
     226
     218
     233
     218
     221
     215
     208
     204
     223
     210
     220
     240
     201
     260
     243
     219
     264
     258
     248
     273
     286
     279
     262
     287
     229
     266
     272
     218
     233
     211
     227
     172
     227
     208
     190
     166
     181
     208
     182
     198
     189
     196
     175
     174
     150
     165
     163
     146
     145
     139
     140
     134
     122
     119
     145
     125
     113
     116
     117
     125
     112
     117
     119
     101
     112
     110
     106
     126
     100
     114
      98
      95
      94
     104
      93
     114
     109
      84
      91
     115
      87
      97
      99
      90
      91
      93
      75
     107
      89
      94
      93
     108
     103
      92
      83
      92
      92
      90
      91
      96
      89
      98
      94
      93
     101
      99
     112
     100
      98
      94
      91
     106
      96
      88
      80
     104
      82
      92
     116
      97
      94
      89
      96
      93
      83
      92
     101
     111
     104
     113
     106
      89
     101
     106
     110
      90
      97
      90
      92
     118
      76
      95
     115
      84
     103
      98
     108
     116
      87
      87
      81
      98
      88
      80
      89
      88
      80
      76
      89
      68
      97
      60
      55
      72
      61
      57
      58
      49
      53
      61
      43
      41
      36
      37
      34
      21
      27
      28
      34
      31
      30
      25
      21
      25
      18
      19
      21
      22
      18
      20
      22
      21
      14
      18
       5
      19
      13
      13
      14
      12
      17
      11
      12
      15
      12
      18
       5
      15
      12
       8
      14
       8
       5
       8
       7
      10
      15
      11
       8
      12
       8
      11
      12
      12
       8
      17
      16
      16
      16
       4
       7
      13
      13
      16
      15
      19
      11
      14
      20
      14
      24
      25
      29
      32
      27
      36
      37
      40
      41
      45
      49
      56
      60
      55
      58
      64
      59
      81
      73
      91
      90
      86
      93
     103
      99
     109
     116
     103
     114
     106
     106
     106
     109
     117
     112
      98
     114
     110
      88
     109
     111
      78
     100
      90
      66
      82
      58
      62
      53
      53
      57
      49
      37
      35
      47
      35
      28
      26
      20
      23
      23
      24
      17
      16
       9
       9
       3
       7
       4
       4
       5
       2
       3
       5
       2
       3
       1
       0
       3
       2
       1
       1
       0
       0
       0
       0
       0
       1
       1
       0
       0
       0
       0
       0
       0
       1
       0
       0
       0
       0
       0
       1
       1
       0
       0
       0
       0
       0
       0
       1
       0
       0
       2
       1
       1
       0
       0
       0
       0
       1
       0
       0
       1
       0
       0
       0
       1
       0
       0
       0
       0
       0
       0
       0
       0
       0
       0
       1
       0
       0
       0
       0
       0
       0
       0
       0
       0
       0
       0
       0
       0
       0
       0
       1
       0
       0
       0
       0
       0
       0
       1
       0
       0
       0
       0
       0
       1
       0
       0
       0
       0
       1
       0
       0
       1
       0
       0
       0
       0
       0
       0
       0
       0
       0
       0
       0
       1
       0
       0
       1
       0
       0
       0
       0
       0
       1
       0
       0
       1
       1
       0
       0
       1
       0
       0
       0
       0
       1
       0
       0
       0
       0
       0
       1
       0
       0
       0
       0
       0
       0
       0
       0
       0
       0
       0
       0
       0
       0
       0
       0
       0
       0
       0
       0
       0
       1
       0
       0
       0
       0
       0
       0
       0
       0
       0
       0
       1
       1
       0
       0
       0
       1
       1
       0
       0
       0
       0
       0
       0
       0
       0
       0
       0
       1
       0
       0
       0
       0
       0
       1
       0
       0
       0
       0
       0
       2
       0
       0
       0
       0
       0
       0
       0
       0
       0
       0
       0
       0
       0
       0
       0
       0
       0
       0
       1
       0
       0
       0
       0
       0
       1
       0
       0
       0
       0
       0
       0
       0
       0
       1
       0
       0
       0
       1
       0
       0
       0
       0
       0
       1
       0
       0
       0
       0
       0
       0
       0
       0
       0
       0
       0
       0
       1
       0
       0
       0
       0
       0
       0
       1
       0
       0
       0
       0
       0
       0
       0
       0
       2
       0
       0
       0
       0
       0
       0
       0
       1
       0
       0
       1
       0
       0
       0
       0
       0
       0
       1
       0
       0
       0
       0
       0
       0
       0
       0
       0
       0
       0
       0
       0
       0
       0
       0
       0
       0
       0
       0
       0
       0
       0
       1
       0
       0
       0
       0
       0
       0
       0
       0
       0
       0
       0
       0
       0
       0
       0
       0
       0
       0
       1
       0
       0
       0
       0
       0
       0
       0
       0
       0
       0
       0
       0
       0
       0
       0
       0
       0
       0
       0
       0
       0
       0
       0
       0
       0
       0
       1
       1
       0
       0
       0
       0
       0
       0
       0
       0
       0
       0
       0
       0
       0
       0
       0
       0
       0
       0
       0
       0
       0
       0
       0
       0
       1
       0
       0
       0
       0
       0
       0
       0
       0
       0
       0
       0
       0
       0
       0
       0
       1
       0
       0
       1
       0
       0
       0
       0
       0
       0
       0
       0
       0
       1
       0
       0
       0
       0
       0
       0
       0
       0
       1
       0
       0
       0
       0
       0
       0
       0
       0
       0
       0
       0
       0
       0
       0
       0
       0
       0
       0
       0
       0
       0
       0
       0
       0
       0
       0
       0
       0
       0
       0
       0
       0
       0
       0
       0
       0
       0
       0
       0
       0
       0
       0
       0
       0
       0
       0
       0
       0
       0
       0
       0
       0
       0
       0
       0
       0
       0
       0
       0
       0
       0
       0
       0
       0
       0
       0
       0
       0
       0
       0
       0
       0
       0
       0
       0
       0
       0
       0
       0
       0
       0
       0
       0
       0
       0
       0
       0
       0
       0
       0
       0
       0
       0
       0
       0
       0
       0
       0
       0
       0
       0
       0
       0
       0
       0
       0
       0
       0
       0
       0
       0
       0
       0
       0
       0
       0
       0
       0
       0
       0
       0
       0
       0
       0
       0
       0
       0
       0
       0
       0
       0
       0
       0
       0
       0
       0
       0
       0
       0
       0
       0
       0
       0
       0
       0
       0
       0
       0
       0
       0
       0
       1
       0
       0
       0
       0
       0
       1
       0
       0
       0
       0
       0
       0
       0
       0
       0
       1
       0
       0
       0
       0
       0
       0
       0
       1
       0
       0
       0
       0
       0
       0
       0
       0
       0
       0
       0
       0
       0
       0
       0
       0
       0
       0
       0
       0
       0
       0
       0
       0
       0
       0
       0
       0
       0
       0
       0
       0
       0
       0
       0
       0
       0
       0
       0
       0
       0
       0
$ROI:
2
283 379
414 510
$PRESETS:
Live Time
240
0
$ENER_FIT:
0.000000 0.000000
$MCA_CAL:
3
0.000000E+000 0.000000E+000 0.000000E+000 
$SHAPE_CAL:
3
0.000000E+000 0.000000E+000 0.000000E+000
