$SPEC_ID:
No sample description was entered.
$SPEC_REM:
DET# 3
DETDESC# WD011-05 Easy-MCA-8k SN 13260149
AP# Maestro Version 7.01
$DATE_MEA:
03/31/2017 10:54:12
$MEAS_TIM:
240 240
$DATA:
0 1023
       0
       0
       0
      94
     222
     163
     193
     148
     164
     189
     158
     187
     177
     198
     231
     273
     329
     397
     434
     367
     344
     305
     231
     230
     186
     175
     172
     163
     164
     152
     147
     168
     149
     145
     158
     150
     167
     165
     175
     149
     158
     159
     169
     150
     174
     192
     177
     167
     172
     174
     153
     160
     153
     200
     163
     175
     182
     158
     191
     187
     164
     194
     182
     191
     192
     189
     174
     214
     199
     187
     188
     170
     191
     229
     186
     171
     192
     194
     190
     184
     199
     196
     159
     187
     181
     202
     174
     169
     176
     188
     148
     157
     160
     178
     180
     177
     202
     176
     152
     206
     175
     174
     192
     222
     188
     196
     221
     234
     248
     227
     234
     232
     232
     199
     226
     208
     186
     139
     178
     189
     131
     168
     132
     162
     146
     172
     156
     156
     162
     131
     141
     141
     145
     134
     159
     133
     124
     132
     130
     115
     134
     108
     121
     126
     128
     124
     129
     122
      89
     112
     108
     116
     111
      95
      82
     122
     122
      93
      89
     104
      90
      98
      92
      96
      79
      87
      86
      86
      98
      86
      83
     100
     101
      82
      85
      90
      80
      95
      91
      79
      85
      89
      72
      92
      79
     105
      73
      79
      76
     102
      71
      76
      93
      75
      83
      79
      80
      75
      75
      73
      80
      64
      72
      82
      85
      67
      77
      65
      77
      66
      87
      65
      85
      79
      79
      60
      68
      80
      76
      90
      91
      78
      64
      58
      77
      64
      75
      63
      66
      73
      81
      83
      71
      75
      81
      56
      80
      79
      77
      70
      82
      88
      79
      68
      65
      64
      85
      72
      73
      65
      67
      78
      74
      85
      78
      53
      73
      75
      92
      71
      76
      90
      76
      70
      75
      74
      75
      88
      69
      71
      82
      79
      73
      82
     104
      71
      76
      98
      64
      70
      66
      84
      77
      83
      73
      74
      84
      89
      84
      86
      75
      75
      73
      82
      65
      87
      93
      63
      78
      68
      75
      77
      74
      79
      62
      77
      81
      70
      69
      63
      46
      52
      60
      48
      46
      44
      49
      52
      47
      46
      40
      31
      35
      30
      32
      28
      32
      22
      26
      24
      29
      20
      35
      22
      23
      20
      22
      17
      16
      16
      17
      11
      11
      17
      17
       8
      10
      14
      10
      12
       9
      14
       8
      11
       7
      16
       6
      15
      10
      10
      11
       9
       5
      13
      11
      10
      10
      13
       8
      10
       3
       7
       9
       9
       9
       9
       5
       6
       6
       8
       8
       5
       5
       3
       8
       8
       5
       6
       7
       3
       7
       9
       5
       3
       9
       3
       4
       7
       7
       1
       6
       7
       8
       7
       7
       7
       9
       8
       8
       7
      13
      10
       7
       7
      14
      16
      10
      22
       9
      15
      18
      22
      13
      23
      17
      21
      27
      35
      32
      24
      45
      31
      41
      44
      51
      49
      55
      51
      55
      76
      75
      83
      83
      94
     103
      91
     121
     113
     114
     132
     119
     128
     128
     105
     141
     123
     141
     135
     134
     139
     117
     118
     102
     128
     100
      95
     113
      92
      91
      69
      83
      78
      68
      55
      55
      54
      35
      40
      39
      27
      28
      21
      14
      22
      17
      13
       9
       6
      11
       8
       8
       5
       4
       4
       2
       1
       2
       0
       2
       2
       1
       1
       0
       1
       0
       1
       1
       0
       0
       1
       1
       0
       1
       0
       0
       0
       0
       0
       0
       0
       0
       0
       0
       0
       0
       0
       0
       0
       0
       0
       0
       0
       0
       0
       0
       0
       0
       0
       1
       0
       0
       0
       1
       0
       1
       0
       0
       0
       0
       0
       0
       0
       0
       0
       1
       0
       1
       0
       0
       0
       0
       0
       0
       0
       0
       0
       1
       0
       0
       0
       0
       0
       0
       0
       0
       0
       0
       0
       0
       0
       0
       0
       0
       0
       0
       0
       0
       0
       0
       0
       0
       0
       0
       0
       0
       0
       0
       0
       0
       0
       0
       0
       0
       0
       1
       0
       0
       0
       0
       0
       0
       0
       0
       1
       1
       0
       0
       0
       0
       0
       0
       2
       0
       0
       0
       0
       0
       0
       0
       0
       0
       0
       0
       0
       1
       0
       0
       0
       0
       0
       0
       0
       0
       0
       0
       0
       0
       0
       0
       0
       0
       0
       1
       0
       0
       0
       0
       0
       0
       1
       0
       0
       0
       0
       0
       0
       0
       0
       0
       0
       0
       0
       0
       1
       0
       0
       0
       0
       0
       1
       0
       0
       0
       0
       0
       0
       0
       0
       0
       0
       0
       0
       1
       0
       0
       0
       0
       0
       0
       0
       0
       0
       1
       0
       0
       0
       0
       0
       0
       0
       0
       0
       0
       0
       0
       0
       0
       0
       0
       0
       0
       0
       0
       0
       0
       0
       0
       0
       0
       0
       0
       0
       0
       0
       0
       0
       0
       0
       0
       0
       0
       0
       0
       0
       0
       0
       0
       0
       0
       0
       1
       0
       0
       0
       1
       0
       0
       0
       0
       0
       0
       0
       0
       0
       0
       0
       0
       0
       0
       0
       0
       0
       0
       0
       0
       0
       0
       0
       0
       0
       0
       0
       0
       0
       0
       0
       0
       0
       0
       0
       0
       0
       0
       0
       0
       0
       0
       0
       0
       0
       0
       0
       0
       0
       0
       0
       0
       0
       0
       0
       0
       0
       0
       0
       0
       0
       0
       0
       0
       0
       0
       0
       0
       0
       0
       0
       0
       0
       0
       0
       0
       0
       0
       0
       0
       0
       0
       0
       0
       0
       0
       0
       0
       0
       0
       0
       0
       0
       0
       0
       0
       0
       0
       0
       0
       0
       0
       0
       0
       0
       0
       0
       0
       0
       0
       0
       0
       0
       0
       0
       0
       0
       0
       0
       0
       0
       0
       0
       0
       0
       0
       0
       0
       0
       0
       0
       0
       0
       0
       0
       0
       0
       1
       0
       0
       0
       0
       0
       1
       0
       0
       0
       0
       0
       0
       0
       0
       0
       1
       0
       0
       0
       0
       0
       0
       0
       1
       0
       0
       0
       0
       0
       0
       0
       0
       0
       0
       0
       0
       0
       0
       0
       0
       0
       0
       0
       0
       0
       0
       0
       0
       0
       0
       0
       0
       0
       0
       0
       0
       0
       0
       0
       0
       0
       0
       0
       0
       1
       0
       0
       0
       0
       0
       0
       0
       0
       0
       0
       0
       0
       0
       0
       0
       0
       0
       0
       0
       0
       1
       0
       0
       0
       0
       0
       0
       0
       0
       0
       0
       0
       0
       0
       0
       0
       0
       0
       0
       0
       0
       0
       0
       0
       0
       0
       0
       0
       0
       0
       0
       0
       0
       0
       0
       0
       0
       0
       0
       0
       0
       0
       0
       0
       0
       0
$ROI:
1
414 510
$PRESETS:
Live Time
240
0
$ENER_FIT:
0.000000 0.000000
$MCA_CAL:
3
0.000000E+000 0.000000E+000 0.000000E+000 
$SHAPE_CAL:
3
0.000000E+000 0.000000E+000 0.000000E+000
