$SPEC_ID:
No sample description was entered.
$SPEC_REM:
DET# 3
DETDESC# WD011-05 Easy-MCA-8k SN 13260149
AP# Maestro Version 7.01
$DATE_MEA:
03/31/2017 11:24:27
$MEAS_TIM:
240 240
$DATA:
0 1023
       0
       1
       0
    1007
    1353
     173
     207
     183
     168
     165
     170
     170
     188
     206
     222
     268
     374
     408
     467
     396
     343
     276
     211
     211
     180
     164
     162
     136
     160
     157
     162
     164
     168
     185
     202
     161
     178
     166
     167
     171
     165
     164
     177
     177
     189
     184
     166
     176
     173
     189
     179
     193
     167
     184
     180
     168
     168
     195
     163
     183
     192
     183
     173
     189
     182
     220
     189
     196
     201
     222
     209
     186
     189
     184
     214
     171
     208
     198
     193
     196
     199
     199
     182
     182
     180
     210
     187
     198
     193
     161
     189
     187
     180
     199
     164
     158
     185
     182
     216
     177
     189
     209
     210
     222
     234
     225
     235
     228
     247
     232
     229
     218
     202
     238
     202
     177
     201
     174
     175
     135
     172
     148
     148
     146
     145
     149
     138
     156
     156
     158
     130
     129
     148
     133
     113
     108
     112
     111
     122
     118
     132
     105
     120
     111
     122
     117
     101
      96
     107
     105
     111
      94
     102
      99
      79
      89
     102
      99
      97
      89
      86
      95
      96
      86
      84
      83
      93
      86
      79
      90
      86
      90
      86
      85
      80
      79
      77
      98
      92
      75
      61
      83
      75
      84
      71
      74
      70
      74
      92
      66
      78
      62
      76
      68
      71
      69
      70
      81
      70
      67
      77
      54
      77
      72
      98
      95
      77
      62
      75
      74
      70
      79
      77
      76
      63
      61
      49
      64
      67
      76
      74
      66
      51
      70
      63
      75
      68
      88
      71
      74
      73
      66
      79
      79
      75
      61
      77
      81
      66
      72
      63
      66
      88
      85
      73
      61
      64
      73
      80
      76
      67
      73
      78
      73
      67
      67
      64
      79
      62
      74
      83
      75
      82
      85
      85
      76
      74
      86
      70
      80
      83
      71
      77
      86
      76
      83
      73
      82
      81
      66
      68
      87
      87
      87
      81
      72
      94
      85
      78
      68
      78
      64
      76
      65
      68
      84
      78
      65
      81
      53
      69
      69
      64
      64
      64
      53
      52
      42
      58
      35
      58
      38
      44
      44
      31
      50
      34
      29
      19
      18
      27
      24
      17
      27
      23
      17
      17
      16
      18
      30
      27
      22
      21
      16
      14
      12
      19
      12
      16
      10
      17
      12
       7
      15
       6
      10
       9
      16
      10
       8
       3
      12
       9
      10
       9
      11
      11
       7
       6
       5
       4
       8
       6
      11
      10
       7
       6
       6
       5
       6
      10
       9
       7
       8
      10
      11
       7
       8
       4
       6
       7
       1
       6
       7
       6
       5
      10
       5
       8
       9
       6
       5
       3
       4
       4
       3
       5
       6
       8
       8
      12
       5
       6
       7
      13
      12
       4
      12
      10
      10
       4
       9
      15
      13
      14
      12
      18
      23
      21
      26
      21
      19
      25
      25
      33
      35
      34
      42
      41
      56
      51
      59
      61
      67
      70
      62
      83
      94
      93
      98
      88
     113
      99
     123
     110
     114
     125
     121
     130
     115
     127
     108
     137
     117
      99
     125
     124
     101
      93
     100
     106
     102
      98
      82
      68
      71
      47
      61
      33
      43
      56
      39
      20
      23
      24
      31
      23
      11
      15
      11
      10
       9
       5
       5
       4
       5
       3
       4
       4
       3
       1
       5
       1
       3
       0
       0
       2
       1
       0
       0
       0
       0
       0
       0
       0
       0
       0
       0
       0
       0
       0
       0
       0
       0
       0
       0
       0
       0
       0
       0
       0
       0
       0
       0
       1
       0
       0
       0
       0
       0
       0
       0
       1
       1
       0
       1
       0
       1
       0
       0
       0
       0
       0
       0
       0
       0
       0
       0
       0
       0
       0
       0
       0
       1
       0
       0
       1
       0
       0
       0
       0
       0
       0
       0
       0
       0
       0
       0
       0
       0
       1
       0
       0
       0
       0
       0
       0
       0
       0
       1
       1
       0
       0
       1
       0
       0
       0
       0
       1
       0
       0
       1
       1
       0
       0
       0
       0
       0
       0
       0
       0
       0
       0
       0
       0
       1
       0
       0
       0
       0
       0
       0
       0
       0
       0
       0
       0
       0
       0
       0
       0
       0
       0
       0
       0
       0
       1
       0
       0
       0
       0
       0
       0
       0
       0
       0
       0
       0
       0
       0
       1
       0
       0
       0
       0
       0
       0
       0
       0
       0
       1
       0
       0
       0
       0
       1
       0
       0
       0
       0
       0
       0
       0
       0
       0
       0
       0
       0
       0
       1
       0
       0
       0
       0
       0
       0
       0
       0
       1
       0
       0
       0
       0
       1
       0
       0
       0
       1
       0
       0
       0
       0
       0
       1
       0
       0
       0
       0
       0
       0
       1
       0
       0
       0
       0
       0
       0
       1
       0
       0
       0
       0
       0
       0
       0
       0
       0
       0
       0
       0
       0
       0
       0
       0
       0
       0
       0
       0
       0
       1
       0
       0
       0
       0
       0
       0
       0
       0
       0
       0
       0
       1
       0
       0
       0
       0
       0
       0
       0
       0
       0
       0
       0
       0
       0
       1
       0
       0
       0
       0
       0
       0
       0
       0
       1
       0
       0
       1
       0
       0
       0
       1
       0
       0
       1
       0
       0
       2
       0
       0
       0
       0
       0
       0
       0
       0
       0
       0
       0
       1
       0
       0
       0
       0
       0
       0
       0
       1
       0
       0
       0
       0
       0
       0
       0
       0
       0
       1
       0
       0
       0
       1
       0
       0
       0
       0
       0
       0
       0
       0
       0
       0
       0
       0
       0
       0
       0
       1
       0
       0
       0
       0
       0
       0
       0
       0
       0
       1
       0
       0
       0
       0
       0
       0
       0
       0
       0
       0
       0
       0
       0
       0
       0
       0
       0
       0
       0
       0
       0
       0
       0
       0
       0
       1
       0
       0
       0
       0
       0
       0
       0
       0
       0
       0
       1
       1
       0
       0
       0
       0
       0
       0
       0
       0
       0
       0
       0
       0
       0
       0
       0
       0
       0
       0
       0
       0
       0
       0
       0
       0
       0
       0
       0
       0
       1
       0
       0
       0
       0
       0
       0
       0
       0
       0
       0
       0
       0
       0
       0
       0
       0
       0
       0
       0
       0
       0
       0
       0
       0
       0
       0
       0
       0
       0
       0
       0
       0
       0
       0
       0
       0
       0
       0
       0
       0
       0
       0
       0
       0
       0
       0
       0
       0
       0
       0
       0
       0
       0
       0
       0
       0
       1
       0
       0
       0
       0
       0
       0
       0
       0
       0
       0
       0
       0
       0
       0
       0
       0
       0
       0
       0
       0
       0
       0
       0
       0
       0
       0
       0
       0
       0
       0
       0
       0
       0
       0
       0
       0
       0
       0
       0
       0
       0
       0
       0
       0
       0
       0
       0
       0
       0
       0
       0
       0
       0
       0
       0
       0
       0
       0
       0
       0
       0
       0
$ROI:
1
414 510
$PRESETS:
Live Time
240
0
$ENER_FIT:
0.000000 0.000000
$MCA_CAL:
3
0.000000E+000 0.000000E+000 0.000000E+000 
$SHAPE_CAL:
3
0.000000E+000 0.000000E+000 0.000000E+000
