$SPEC_ID:
No sample description was entered.
$SPEC_REM:
DET# 3
DETDESC# WD011-05 Easy-MCA-8k SN 13260149
AP# Maestro Version 7.01
$DATE_MEA:
03/31/2017 10:40:27
$MEAS_TIM:
240 240
$DATA:
0 1023
       0
       0
       0
      49
     198
     163
     175
     170
     189
     166
     189
     175
     182
     202
     244
     316
     332
     408
     437
     395
     382
     307
     240
     210
     198
     170
     190
     165
     183
     164
     165
     164
     166
     148
     168
     179
     186
     178
     159
     170
     162
     187
     183
     189
     176
     181
     164
     186
     164
     175
     154
     191
     181
     207
     166
     161
     192
     197
     160
     181
     200
     185
     183
     196
     185
     191
     193
     194
     199
     226
     221
     221
     223
     212
     195
     190
     212
     175
     223
     190
     189
     182
     200
     181
     199
     194
     227
     189
     168
     203
     190
     190
     167
     168
     189
     178
     181
     207
     192
     211
     189
     201
     208
     225
     215
     228
     247
     236
     240
     238
     224
     206
     221
     219
     216
     201
     205
     178
     168
     186
     165
     206
     170
     170
     153
     164
     165
     167
     151
     152
     162
     157
     156
     167
     137
     140
     141
     108
     139
     121
     150
     122
     121
     113
     128
     127
     122
     130
     139
     116
     118
     112
     117
     117
     101
     108
     124
     103
     118
     110
      93
     107
     111
      93
      84
     101
     104
      90
      85
     114
      99
     105
      98
      97
      97
      97
      88
      73
      86
     100
      83
      84
      91
      88
      90
      88
      87
      99
      84
      65
      80
      79
      77
      77
      81
      78
      67
      82
      81
      80
      85
      81
      90
      72
      76
      68
      69
      81
      76
      72
      81
      73
      81
      75
      64
      70
      71
      71
      81
      74
      95
      69
      96
      68
      73
      72
      68
      79
      83
      84
      60
      72
      81
      74
      77
      67
      68
      74
      74
      70
      63
      67
      63
      94
      73
      86
      68
      81
      73
      91
      81
      79
      92
      55
      71
      74
      63
      66
      71
      79
      78
      88
      68
      76
      72
      70
      70
      82
      88
     101
      87
      81
      67
      75
      98
      81
      70
      76
      98
      77
      80
      80
      71
      90
      73
      86
      86
     103
      82
      97
      75
      70
      73
      83
      83
      97
      72
      85
      77
      75
      70
      69
      52
      56
      69
      70
      59
      69
      56
      53
      49
      53
      45
      40
      46
      51
      32
      39
      46
      30
      36
      42
      36
      27
      27
      30
      31
      24
      28
      28
      20
      22
      27
      23
      27
      19
      20
      11
      21
      14
      14
      17
      24
      11
      15
      13
      13
      10
      13
      14
      12
      10
      13
      11
      13
      15
       3
      12
      12
       9
      11
       7
      10
       9
       9
       5
      10
      16
      12
       8
       8
       1
       4
      12
       7
       5
       7
       6
       5
      11
      10
       2
       8
       4
      13
       4
       2
       9
       8
       5
       6
      14
       8
       7
       4
       6
       5
       6
       6
      13
       6
      10
       8
       6
       3
       5
       9
      11
      14
      15
       9
       6
      14
       7
      11
      17
       9
      14
      18
      25
      19
      22
      24
      37
      25
      24
      27
      25
      34
      37
      34
      30
      48
      52
      52
      53
      55
      70
      69
      66
      64
      81
     107
      99
      86
     107
     109
     101
     118
     107
     125
     138
     108
     134
     131
     137
     125
     151
     133
     109
     137
     123
     106
     116
      99
      90
      84
      77
      89
      85
      87
      76
      60
      48
      43
      51
      36
      35
      38
      32
      20
      22
      14
      21
      15
      10
       8
      10
       5
       5
       8
       3
       5
       8
       7
       3
       5
       3
       1
       1
       1
       1
       0
       1
       1
       0
       0
       0
       1
       0
       0
       1
       2
       0
       0
       1
       0
       0
       1
       0
       0
       1
       0
       0
       0
       0
       0
       0
       0
       0
       0
       0
       0
       1
       0
       0
       0
       0
       0
       0
       0
       0
       0
       0
       0
       0
       0
       0
       0
       0
       0
       0
       0
       0
       0
       0
       0
       1
       0
       0
       0
       0
       0
       0
       0
       0
       0
       0
       1
       0
       0
       0
       0
       0
       0
       0
       0
       0
       0
       0
       0
       0
       0
       0
       0
       0
       0
       0
       0
       0
       0
       0
       0
       0
       0
       0
       1
       0
       0
       0
       0
       2
       0
       0
       0
       0
       0
       0
       0
       0
       0
       0
       1
       0
       0
       0
       0
       1
       0
       0
       0
       0
       0
       0
       0
       0
       0
       0
       0
       0
       0
       0
       0
       0
       0
       0
       0
       0
       0
       0
       2
       0
       0
       0
       0
       0
       0
       0
       1
       0
       0
       0
       0
       0
       0
       0
       0
       0
       0
       0
       1
       0
       0
       0
       1
       0
       0
       0
       0
       0
       0
       1
       0
       0
       0
       0
       0
       0
       0
       0
       0
       0
       0
       0
       0
       0
       0
       0
       0
       2
       0
       0
       0
       0
       0
       0
       0
       0
       0
       0
       0
       0
       0
       0
       0
       0
       0
       0
       0
       0
       1
       1
       0
       0
       1
       0
       0
       0
       0
       0
       1
       0
       0
       0
       0
       0
       0
       0
       0
       0
       0
       0
       0
       0
       0
       0
       0
       0
       0
       0
       0
       1
       0
       0
       0
       0
       0
       0
       0
       0
       0
       0
       0
       0
       1
       0
       0
       0
       0
       0
       0
       0
       0
       1
       0
       0
       0
       0
       0
       0
       0
       0
       0
       0
       0
       0
       0
       0
       0
       0
       0
       0
       0
       0
       0
       0
       0
       0
       0
       0
       0
       0
       0
       0
       0
       0
       0
       0
       0
       0
       0
       0
       0
       1
       0
       0
       0
       0
       0
       0
       0
       0
       1
       0
       0
       0
       0
       0
       0
       0
       0
       0
       0
       0
       0
       0
       0
       0
       1
       0
       0
       0
       0
       0
       0
       0
       0
       0
       0
       0
       0
       0
       0
       1
       0
       0
       0
       0
       0
       0
       0
       1
       0
       0
       0
       0
       0
       1
       0
       0
       0
       0
       0
       0
       0
       0
       0
       0
       0
       1
       0
       0
       0
       0
       0
       0
       0
       0
       0
       0
       0
       0
       0
       0
       0
       0
       0
       0
       0
       0
       0
       0
       1
       0
       0
       0
       0
       0
       0
       0
       1
       0
       0
       0
       0
       0
       0
       0
       0
       0
       1
       0
       0
       0
       0
       0
       0
       0
       0
       0
       1
       0
       0
       0
       0
       0
       0
       0
       0
       0
       0
       0
       0
       0
       0
       0
       0
       0
       0
       0
       0
       0
       0
       0
       0
       0
       0
       0
       0
       0
       1
       0
       0
       0
       0
       0
       0
       0
       0
       0
       0
       0
       0
       0
       0
       0
       0
       0
       0
       0
       0
       0
       0
       0
       0
       0
       0
       0
       0
       0
       1
       0
       0
       0
       1
       1
       0
       0
       0
       0
       0
       0
       0
       0
       0
       0
       0
       0
       0
       0
       0
       0
       0
       0
       0
       0
       0
       0
       0
       0
       0
       0
       0
       0
       0
       0
       0
       0
       0
       0
       0
       0
       0
       0
$ROI:
1
414 510
$PRESETS:
Live Time
240
0
$ENER_FIT:
0.000000 0.000000
$MCA_CAL:
3
0.000000E+000 0.000000E+000 0.000000E+000 
$SHAPE_CAL:
3
0.000000E+000 0.000000E+000 0.000000E+000
