$SPEC_ID:
No sample description was entered.
$SPEC_REM:
DET# 3
DETDESC# WD011-05 Easy-MCA-8k SN 13260149
AP# Maestro Version 7.01
$DATE_MEA:
03/31/2017 10:28:24
$MEAS_TIM:
240 240
$DATA:
0 1023
       0
       0
       0
     162
     256
     169
     191
     190
     179
     175
     221
     202
     212
     205
     229
     295
     406
     440
     483
     440
     397
     354
     258
     240
     226
     198
     188
     169
     208
     181
     188
     184
     193
     199
     174
     181
     184
     174
     180
     156
     186
     167
     172
     171
     172
     168
     191
     169
     183
     175
     197
     206
     187
     178
     197
     208
     190
     215
     212
     203
     208
     196
     175
     207
     219
     213
     211
     201
     208
     209
     191
     204
     233
     188
     178
     183
     223
     233
     206
     197
     222
     212
     190
     174
     206
     181
     223
     198
     214
     201
     206
     198
     169
     211
     191
     191
     212
     183
     216
     185
     190
     183
     193
     206
     224
     231
     255
     251
     244
     259
     248
     242
     243
     230
     220
     231
     226
     186
     203
     201
     197
     166
     170
     188
     181
     168
     167
     169
     170
     139
     161
     141
     151
     159
     163
     150
     160
     158
     150
     154
     146
     142
     155
     121
     136
     132
     117
     131
     125
     127
     128
     125
     135
     131
     123
     113
     121
     114
     123
     106
     128
     112
     116
      96
      90
     105
     112
     107
      99
     105
      95
     102
      95
     113
      94
      94
     101
     128
     107
      90
      94
     111
      94
      88
      92
      95
      93
      82
      74
      90
      95
      99
      87
     103
      92
      87
      80
      89
      91
      97
      87
      82
      83
      80
      84
      84
      83
      86
      81
      84
      70
      86
      71
      69
      63
      76
      78
      94
      82
      58
      88
      67
      88
      74
      81
      82
      78
      70
      78
      68
      70
      58
      72
      76
      80
      87
      71
      85
      87
      66
      72
      77
      80
      75
      83
      79
      75
      73
      91
      82
      83
      93
      84
      87
      61
      75
      75
      67
      80
      94
      74
     102
      94
      75
      72
      78
      85
      83
      80
      79
      83
      70
      97
      78
      85
      97
      90
      83
      97
      90
      92
      94
      88
      78
      88
      86
     103
      88
      76
      89
      99
     101
     105
      80
      72
      67
      86
     101
      96
      71
      81
      73
      72
      68
      78
      82
      89
      84
      82
      77
      69
      75
      51
      56
      50
      59
      54
      53
      62
      52
      42
      39
      46
      39
      42
      41
      39
      28
      40
      37
      23
      30
      21
      32
      22
      19
      25
      11
      17
      26
      22
      23
      20
      25
      17
      18
      19
      20
       6
      20
      11
      19
      14
      13
      14
      12
      17
      11
      13
      11
      11
      13
      13
      12
      14
      13
       8
       5
      10
      20
       5
       7
       6
       3
       4
      11
       6
       5
      11
       3
       8
       7
      13
      10
       6
       7
       5
       6
       6
       5
       6
      10
       5
       5
       4
       5
       4
       8
      10
       9
       3
       5
      11
       9
       6
       7
       5
      10
      10
      10
       6
      10
      14
      11
      10
       9
      21
       9
      10
      16
      13
       5
      12
      16
      21
       9
      10
      23
      23
      25
      24
      20
      23
      33
      39
      40
      43
      51
      45
      39
      50
      59
      51
      75
      68
      76
      66
      94
     100
      97
      95
     123
     106
     132
     135
     120
     129
     132
     152
     149
     159
     154
     152
     161
     133
     156
     141
     149
     137
     134
     144
     107
     112
      99
     103
      84
      88
      81
      68
      66
      72
      61
      58
      35
      29
      29
      26
      39
      18
      17
      12
      20
      11
      12
      11
       5
       8
       6
       7
       1
       2
       4
       0
       1
       2
       2
       3
       2
       2
       1
       1
       0
       2
       0
       0
       0
       0
       0
       0
       0
       0
       0
       0
       0
       0
       0
       0
       1
       0
       0
       0
       0
       0
       0
       1
       0
       0
       0
       1
       0
       1
       0
       0
       0
       0
       0
       0
       0
       0
       1
       0
       0
       0
       0
       0
       1
       0
       0
       0
       0
       0
       0
       0
       0
       1
       0
       0
       1
       0
       0
       0
       1
       0
       0
       0
       0
       0
       0
       0
       0
       2
       0
       0
       1
       2
       0
       0
       0
       0
       0
       0
       0
       0
       0
       0
       0
       0
       0
       0
       0
       0
       0
       0
       0
       0
       0
       0
       0
       0
       0
       0
       0
       0
       0
       0
       0
       0
       0
       0
       0
       1
       0
       0
       0
       0
       0
       0
       0
       0
       0
       0
       1
       0
       0
       1
       0
       0
       0
       0
       1
       0
       0
       1
       1
       0
       0
       1
       0
       0
       0
       0
       0
       0
       0
       0
       1
       0
       0
       0
       0
       0
       1
       0
       0
       0
       0
       0
       0
       0
       0
       1
       1
       0
       0
       0
       0
       0
       1
       0
       1
       0
       0
       1
       1
       0
       0
       0
       0
       0
       0
       0
       0
       0
       0
       0
       0
       0
       0
       0
       0
       0
       0
       0
       0
       0
       0
       0
       0
       0
       0
       0
       0
       0
       0
       0
       0
       0
       0
       0
       0
       1
       0
       0
       0
       0
       0
       0
       0
       0
       0
       1
       0
       1
       0
       0
       0
       0
       0
       0
       1
       0
       0
       0
       1
       0
       0
       0
       0
       0
       0
       1
       0
       0
       0
       0
       0
       0
       0
       0
       0
       0
       1
       0
       0
       0
       0
       0
       0
       0
       0
       1
       0
       0
       0
       1
       0
       0
       0
       0
       0
       0
       0
       0
       0
       0
       0
       0
       0
       0
       0
       0
       0
       0
       0
       0
       0
       0
       0
       0
       1
       0
       0
       0
       0
       0
       0
       0
       0
       0
       0
       0
       0
       1
       0
       0
       0
       0
       0
       0
       0
       0
       0
       0
       0
       0
       0
       0
       0
       0
       0
       0
       0
       0
       0
       0
       0
       0
       0
       0
       0
       0
       0
       0
       0
       1
       0
       0
       1
       2
       0
       0
       0
       0
       0
       0
       0
       0
       0
       0
       0
       0
       0
       0
       0
       0
       0
       0
       0
       0
       0
       0
       0
       0
       0
       0
       0
       0
       0
       0
       0
       0
       0
       0
       0
       0
       0
       0
       1
       0
       0
       0
       0
       0
       0
       0
       0
       0
       0
       0
       0
       0
       0
       0
       0
       0
       0
       0
       0
       0
       0
       0
       0
       1
       0
       0
       0
       0
       0
       0
       1
       0
       0
       0
       0
       0
       0
       0
       0
       0
       0
       0
       0
       0
       0
       0
       0
       0
       0
       0
       0
       0
       0
       0
       0
       0
       0
       0
       0
       0
       0
       0
       0
       0
       0
       0
       0
       0
       0
       0
       0
       0
       0
       0
       0
       1
       0
       0
       0
       0
       0
       0
       0
       0
       0
       0
       0
       0
       0
       0
       0
       0
       0
       0
       0
       0
       0
       0
       0
       0
       0
       0
       0
       0
       0
       1
       0
       0
       0
       0
       0
       0
       0
       0
       0
       0
       0
       0
       0
       0
       0
       0
       0
       0
       0
       0
       0
       0
       0
       0
       0
       0
       0
       0
       0
$ROI:
1
414 510
$PRESETS:
Live Time
240
0
$ENER_FIT:
0.000000 0.000000
$MCA_CAL:
3
0.000000E+000 0.000000E+000 0.000000E+000 
$SHAPE_CAL:
3
0.000000E+000 0.000000E+000 0.000000E+000
