$SPEC_ID:
No sample description was entered.
$SPEC_REM:
DET# 3
DETDESC# WD011-05 Easy-MCA-8k SN 13260149
AP# Maestro Version 7.01
$DATE_MEA:
04/03/2017 10:23:12
$MEAS_TIM:
260 260
$DATA:
0 1023
       0
       0
       1
     108
     243
     179
     189
     182
     204
     177
     189
     184
     200
     199
     259
     320
     434
     459
     506
     474
     435
     395
     353
     253
     199
     187
     202
     193
     221
     163
     201
     183
     163
     195
     193
     172
     208
     177
     194
     172
     177
     187
     176
     205
     180
     180
     215
     212
     198
     175
     190
     182
     190
     175
     201
     207
     193
     185
     190
     200
     212
     199
     199
     219
     232
     219
     225
     234
     184
     226
     217
     224
     225
     270
     216
     203
     194
     220
     206
     204
     237
     191
     214
     235
     223
     236
     218
     203
     194
     227
     224
     197
     186
     184
     218
     196
     200
     180
     206
     196
     216
     186
     198
     220
     233
     213
     247
     264
     251
     253
     289
     265
     227
     241
     203
     249
     245
     244
     220
     214
     217
     187
     203
     196
     209
     194
     185
     173
     158
     181
     164
     144
     184
     160
     157
     191
     158
     151
     139
     148
     128
     167
     141
     133
     155
     133
     131
     134
     135
     154
     136
     127
     144
     108
     110
     100
     135
     117
     127
     132
     111
     125
      93
     121
     102
     131
      93
     126
     102
      90
      92
     115
      98
     117
     115
      87
      99
      98
     101
      98
      91
      99
      81
      87
      97
      86
      90
     111
      73
      87
      99
      89
      99
      99
      86
      79
      66
      78
     100
      82
      97
     101
      84
      92
      89
     102
      97
      85
      77
      87
      88
      88
      91
      80
      83
      81
      89
      90
      79
      86
      92
      90
      73
      87
      76
      82
      92
      77
     106
      74
      80
      85
      93
      83
      92
      83
      78
      88
      76
      98
      79
      75
      76
      79
      89
      91
      79
      80
      73
      84
      98
      70
      84
      98
      92
      82
      99
      91
      82
      73
      83
     100
      92
      78
      76
      77
      94
      95
      77
      85
      90
      97
      89
      96
      78
      96
     105
     102
      96
     106
      92
     112
      97
     110
     111
     110
     113
      62
      85
      98
      72
      75
      85
     104
      77
     105
      93
     115
      87
      90
      79
      73
      81
      95
      81
      94
      89
      72
      96
      88
      83
      78
      77
      65
      67
      48
      65
      58
      61
      55
      50
      53
      52
      53
      33
      40
      31
      41
      36
      36
      27
      31
      23
      24
      28
      26
      21
      26
      26
      19
      17
      25
      22
       8
      25
      22
      15
      12
      16
      21
      22
      18
      15
      12
      10
      15
      13
      17
      15
       9
      16
      22
      10
      10
      13
       9
      14
      10
       8
       6
      12
       9
       9
       9
       8
      12
      10
       6
       8
       5
       6
      11
       7
       6
       6
       6
       4
       2
       7
       5
      11
       3
       5
       8
       8
       6
       3
       4
       7
       3
       5
       6
       6
       6
       7
       9
       4
       9
      12
      10
       3
      12
      12
      14
      11
      11
      17
      15
      18
       7
      13
      13
      17
      17
      14
      12
      24
      15
      24
      18
      29
      20
      33
      37
      42
      32
      53
      54
      52
      55
      57
      78
      78
      85
      89
      86
     101
      96
      97
     123
     115
     114
     131
     142
     127
     144
     153
     167
     169
     150
     153
     147
     146
     153
     138
     132
     125
     137
     137
     139
     130
     103
     118
      97
     104
      81
      76
      61
      63
      54
      54
      41
      47
      48
      34
      35
      23
      21
      24
      16
       9
      14
       9
      14
       9
       3
       1
       4
       8
       6
       5
       2
       3
       1
       1
       2
       2
       2
       2
       0
       0
       0
       0
       0
       0
       0
       1
       1
       0
       0
       0
       0
       0
       1
       0
       0
       0
       1
       0
       0
       0
       0
       1
       0
       0
       0
       0
       0
       0
       0
       0
       1
       0
       0
       0
       0
       2
       0
       0
       0
       0
       0
       0
       0
       0
       0
       0
       0
       0
       0
       1
       0
       1
       0
       0
       0
       0
       0
       0
       0
       0
       0
       0
       0
       1
       0
       0
       0
       0
       1
       0
       0
       0
       0
       0
       0
       0
       0
       0
       0
       0
       0
       0
       0
       0
       0
       0
       0
       0
       0
       0
       0
       0
       0
       1
       0
       0
       0
       0
       0
       1
       0
       0
       0
       0
       0
       0
       0
       0
       1
       0
       0
       1
       0
       0
       0
       1
       0
       1
       0
       1
       0
       0
       0
       0
       0
       0
       0
       0
       0
       0
       0
       0
       0
       0
       0
       0
       0
       0
       0
       0
       0
       0
       0
       0
       0
       0
       0
       0
       0
       0
       0
       0
       0
       0
       0
       0
       0
       0
       0
       0
       0
       0
       0
       0
       1
       0
       0
       0
       0
       1
       0
       0
       0
       0
       0
       1
       0
       0
       0
       0
       0
       0
       0
       0
       0
       0
       0
       0
       0
       0
       1
       0
       0
       0
       0
       1
       0
       0
       0
       0
       0
       0
       0
       0
       0
       0
       0
       1
       0
       0
       0
       0
       0
       0
       0
       0
       0
       0
       0
       0
       0
       0
       0
       0
       0
       0
       0
       0
       0
       1
       0
       1
       1
       0
       0
       0
       0
       0
       0
       0
       0
       0
       0
       0
       0
       1
       0
       0
       0
       0
       0
       1
       0
       0
       0
       0
       0
       0
       0
       0
       0
       0
       0
       0
       1
       0
       0
       0
       0
       0
       0
       0
       0
       1
       0
       0
       1
       0
       0
       0
       0
       0
       1
       0
       0
       0
       0
       0
       0
       0
       0
       0
       0
       0
       0
       0
       1
       0
       0
       0
       0
       0
       1
       0
       1
       0
       0
       0
       0
       0
       0
       0
       0
       0
       0
       0
       0
       0
       0
       0
       1
       0
       0
       0
       0
       0
       0
       0
       0
       0
       0
       0
       0
       0
       0
       0
       0
       0
       0
       0
       2
       0
       0
       0
       0
       0
       1
       0
       1
       0
       0
       0
       0
       0
       0
       0
       0
       1
       0
       0
       0
       0
       0
       0
       0
       0
       0
       0
       0
       0
       0
       0
       0
       0
       0
       0
       0
       1
       0
       0
       0
       0
       0
       1
       0
       0
       0
       0
       0
       0
       0
       0
       0
       0
       0
       0
       0
       0
       0
       0
       0
       0
       0
       0
       0
       0
       0
       0
       0
       0
       0
       0
       0
       0
       0
       0
       0
       0
       0
       0
       0
       0
       0
       0
       0
       0
       0
       0
       0
       0
       0
       0
       0
       0
       0
       0
       0
       0
       0
       0
       0
       0
       0
       0
       0
       0
       0
       0
       0
       0
       0
       0
       0
       0
       0
       0
       0
       0
       0
       0
       0
       0
       0
       0
       0
       0
       0
       0
       0
       0
       0
       0
       0
       0
       0
       0
       0
       0
       0
       0
       0
       0
       0
       0
       0
       0
       0
       1
       0
       0
       0
       0
       0
       0
       0
       0
       0
       0
       0
       0
       0
       0
       0
       0
       0
       0
       0
       0
       0
       0
       0
       0
       0
$ROI:
1
411 499
$PRESETS:
Live Time
2700
0
$ENER_FIT:
0.000000 0.000000
$MCA_CAL:
3
0.000000E+000 0.000000E+000 0.000000E+000 
$SHAPE_CAL:
3
0.000000E+000 0.000000E+000 0.000000E+000
