$SPEC_ID:
No sample description was entered.
$SPEC_REM:
DET# 3
DETDESC# WD011-05 Easy-MCA-8k SN 13260149
AP# Maestro Version 7.01
$DATE_MEA:
03/31/2017 10:33:51
$MEAS_TIM:
240 240
$DATA:
0 1023
       0
       0
       1
      95
     230
     209
     176
     194
     182
     177
     173
     163
     210
     199
     262
     317
     392
     433
     460
     401
     356
     289
     216
     234
     199
     193
     168
     146
     175
     165
     173
     176
     184
     185
     175
     184
     162
     194
     172
     174
     180
     192
     191
     190
     169
     197
     174
     203
     181
     200
     193
     194
     179
     186
     163
     201
     186
     194
     189
     191
     201
     187
     216
     200
     191
     191
     197
     204
     211
     199
     211
     220
     203
     209
     197
     239
     188
     238
     213
     201
     213
     191
     201
     201
     186
     209
     206
     195
     179
     182
     202
     191
     176
     202
     202
     189
     188
     193
     182
     219
     213
     195
     190
     207
     253
     211
     226
     243
     209
     257
     229
     232
     236
     228
     232
     204
     193
     191
     178
     188
     193
     200
     200
     188
     158
     155
     142
     158
     174
     155
     163
     186
     165
     124
     132
     153
     135
     119
     139
     149
     136
     134
     126
     128
     138
     125
     128
     124
     126
     114
     127
      99
     113
     114
     123
     102
     144
     123
      94
     108
      95
      99
     111
      91
      86
      92
      89
      91
     113
      96
      96
      93
     105
      78
      90
      90
     104
      78
     107
      75
      90
     100
      90
      59
      81
      80
      97
      95
      91
      82
      74
      85
      80
      80
      90
      80
     100
      95
      91
      78
      74
      82
      73
      80
      78
      93
      99
      66
      64
      76
      74
      94
      73
      85
      85
      76
      80
      79
      64
      74
      79
      79
      79
      81
      76
      72
      75
      83
      83
      88
      70
      85
      79
      75
      84
      73
      85
      97
      76
      84
      98
      81
      72
      71
      82
      84
      81
      71
      87
      75
      76
      95
      68
      75
      98
      79
      97
      85
      87
      82
      68
      81
      86
      87
      94
      79
      94
      86
      83
      83
      82
      86
      73
      98
      87
      89
      84
     103
      90
      95
      72
     101
      81
      96
      98
      66
     102
     100
     100
      88
      86
      84
      83
      93
      79
      85
      80
      83
      73
      83
      79
      62
      84
      65
      67
      57
      75
      68
      60
      59
      54
      57
      53
      48
      46
      32
      37
      39
      41
      32
      30
      33
      23
      36
      28
      32
      26
      21
      31
      22
      21
      19
      21
      21
      19
      18
      12
      19
      19
      10
      13
      12
      12
      15
      10
      18
       7
      13
      10
       6
      16
      14
      11
      17
      11
      16
      10
      13
      10
      14
       9
       9
       9
      13
      10
       6
       8
       8
       9
       4
       7
       8
       6
       8
       7
       9
       7
       6
       7
       4
       6
       6
       8
       0
       7
      10
       7
       8
       2
       8
       8
      10
       8
       5
      15
       7
      17
       8
       6
       9
       6
       9
       7
       4
       8
       3
      12
       8
       8
      16
       7
      10
      12
      15
      12
      24
      22
      21
      13
      17
      28
      21
      26
      24
      30
      28
      43
      40
      38
      47
      55
      54
      55
      62
      73
      68
      64
      81
     100
      84
      99
     118
     103
     127
     126
     110
     132
     143
     139
     140
     158
     135
     151
     144
     140
     135
     110
     127
     133
     118
     123
     109
      94
     112
     107
     103
      89
      94
      79
      59
      62
      60
      51
      41
      30
      40
      17
      13
      23
      20
      15
      14
      14
      12
       6
       7
       9
       5
       3
       2
       5
       7
       3
       2
       2
       1
       1
       1
       2
       0
       1
       0
       1
       0
       1
       0
       0
       0
       0
       0
       1
       0
       0
       0
       0
       0
       0
       0
       0
       0
       1
       0
       1
       0
       0
       0
       0
       1
       0
       1
       1
       0
       0
       0
       0
       0
       1
       0
       0
       0
       0
       0
       0
       0
       0
       0
       0
       0
       0
       0
       1
       0
       0
       1
       0
       0
       0
       1
       0
       0
       0
       0
       1
       0
       0
       0
       0
       0
       1
       0
       0
       0
       0
       0
       0
       0
       0
       0
       0
       0
       0
       0
       1
       0
       0
       1
       0
       2
       0
       0
       0
       0
       0
       0
       0
       0
       0
       0
       1
       0
       0
       0
       0
       1
       0
       0
       0
       1
       0
       0
       0
       0
       1
       0
       1
       0
       0
       1
       0
       0
       0
       0
       0
       0
       0
       1
       0
       0
       0
       1
       0
       0
       0
       0
       0
       0
       0
       0
       0
       0
       0
       0
       0
       0
       0
       0
       0
       0
       1
       0
       1
       0
       0
       0
       0
       0
       1
       1
       1
       0
       0
       0
       0
       0
       1
       0
       0
       0
       0
       0
       0
       0
       0
       0
       0
       0
       0
       0
       0
       0
       1
       0
       0
       0
       0
       0
       1
       0
       0
       0
       0
       0
       0
       0
       0
       0
       0
       0
       0
       0
       0
       0
       0
       0
       0
       0
       0
       0
       0
       0
       0
       0
       0
       0
       0
       0
       0
       0
       0
       0
       0
       0
       0
       0
       0
       0
       0
       0
       0
       0
       0
       1
       0
       0
       0
       0
       0
       0
       0
       0
       0
       0
       0
       0
       0
       0
       0
       1
       0
       0
       0
       0
       0
       0
       0
       0
       0
       0
       0
       0
       0
       0
       0
       0
       1
       0
       0
       0
       0
       0
       0
       0
       0
       0
       0
       0
       0
       0
       0
       0
       0
       0
       0
       0
       0
       0
       0
       0
       0
       0
       0
       0
       0
       0
       0
       0
       0
       0
       0
       0
       0
       0
       0
       1
       0
       0
       0
       0
       0
       0
       0
       0
       0
       0
       0
       0
       0
       0
       0
       0
       1
       0
       0
       0
       0
       0
       1
       0
       0
       0
       0
       0
       0
       0
       0
       0
       0
       0
       1
       0
       0
       1
       0
       0
       0
       0
       0
       0
       0
       0
       0
       0
       0
       0
       0
       0
       0
       0
       0
       0
       0
       0
       0
       0
       0
       0
       1
       0
       0
       0
       0
       0
       0
       0
       0
       0
       0
       0
       0
       0
       0
       0
       0
       0
       0
       1
       0
       0
       0
       0
       0
       0
       0
       0
       0
       0
       0
       0
       0
       0
       0
       0
       0
       0
       0
       0
       0
       0
       0
       0
       0
       0
       0
       0
       0
       0
       0
       0
       0
       0
       0
       0
       0
       0
       0
       0
       0
       0
       0
       0
       0
       0
       0
       0
       0
       0
       0
       0
       0
       0
       0
       0
       0
       0
       0
       0
       0
       0
       0
       0
       0
       0
       0
       0
       0
       0
       1
       0
       0
       0
       0
       0
       0
       1
       0
       0
       0
       0
       0
       0
       0
       0
       0
       0
       0
       0
       0
       0
       0
       0
       1
       0
       0
       0
       0
       0
       0
       0
       0
       0
       0
       0
       0
       0
       0
       0
       0
       0
       0
       0
       0
       0
       0
       0
       0
       0
       0
       0
       0
       0
       0
       0
       0
       0
       0
       0
       0
       0
       0
       0
       0
       0
       0
       0
$ROI:
1
414 510
$PRESETS:
Live Time
240
0
$ENER_FIT:
0.000000 0.000000
$MCA_CAL:
3
0.000000E+000 0.000000E+000 0.000000E+000 
$SHAPE_CAL:
3
0.000000E+000 0.000000E+000 0.000000E+000
