$SPEC_ID:
No sample description was entered.
$SPEC_REM:
DET# 3
DETDESC# WD011-05 Easy-MCA-8k SN 13260149
AP# Maestro Version 7.01
$DATE_MEA:
04/04/2017 08:50:49
$MEAS_TIM:
240 240
$DATA:
0 1023
       0
       0
       0
       0
       0
       0
       0
       0
       0
       3
     674
     224
     218
     195
     237
     246
     314
     338
     364
     343
     329
     282
     302
     233
     198
     178
     212
     154
     142
     150
     148
     147
     165
     162
     147
     165
     169
     171
     166
     159
     139
     160
     147
     172
     168
     140
     147
     153
     159
     145
     168
     153
     158
     184
     162
     157
     161
     181
     171
     155
     174
     182
     170
     180
     181
     180
     185
     191
     172
     206
     178
     181
     179
     191
     180
     181
     178
     168
     183
     170
     180
     190
     161
     153
     192
     183
     161
     169
     168
     191
     147
     153
     151
     177
     164
     169
     155
     166
     167
     189
     168
     192
     220
     194
     193
     184
     221
     207
     213
     200
     176
     202
     225
     220
     219
     185
     184
     153
     158
     184
     166
     157
     159
     173
     149
     158
     143
     144
     146
     143
     124
     141
     160
     132
     130
     137
     140
     129
     135
     130
     119
     108
     114
     118
     133
     116
     102
      98
     121
     106
     110
     101
     120
      91
      96
     101
     108
      98
     108
     103
      94
      76
      83
      98
      91
      90
      95
      73
      85
      81
     107
      68
      87
      92
      93
      94
      78
      95
      74
      78
      79
      75
      75
     101
      77
      89
      74
      66
      80
      78
      70
      93
      81
      80
      56
      66
      72
      74
      89
      83
      87
      62
      85
      65
      80
      60
      60
      68
      76
      75
      57
      77
      67
      61
      69
      78
      84
      66
      71
      75
      62
      62
      91
      64
      59
      70
      61
      72
      65
      50
      64
      63
      64
      73
      87
      71
      64
      77
      78
      64
      88
      63
      80
      77
      77
      68
      58
      70
      53
      63
      68
      67
      71
      64
      66
      56
      73
      64
      66
      53
      66
      73
      74
      77
      70
      69
      74
      69
      67
      84
      71
      73
      70
      80
      81
      64
      76
      70
      83
      65
      79
      82
      62
      67
      83
      80
      75
      77
      90
      76
      70
      83
      74
      72
      73
      73
      66
      70
      65
      67
      68
      71
      66
      70
      61
      58
      54
      61
      61
      62
      63
      51
      57
      51
      51
      56
      47
      30
      37
      41
      41
      33
      44
      31
      32
      28
      24
      22
      33
      24
      28
      22
      32
      15
      15
      34
      25
      13
      16
      17
      14
      17
      12
      12
      11
      16
       9
      16
      15
       4
      15
      16
       8
      13
       8
      13
       9
      15
      13
      10
      10
       4
       6
      11
       9
       8
       9
       6
       7
       5
       7
      10
       9
      14
       7
       8
       4
       9
       4
       7
      11
       7
       2
       7
       2
       5
       3
      12
       1
       6
       2
       3
       5
       6
       8
       6
       5
       5
       8
       8
       3
       8
       5
       3
       9
       8
       7
       8
       9
       8
      12
       6
       7
       9
      13
       8
      14
      10
      10
      11
      12
       8
      17
      17
      13
      14
      13
      18
      23
      16
      27
      19
      30
      39
      25
      33
      43
      56
      41
      57
      62
      46
      65
      61
      73
      77
     102
      95
      81
      96
      98
     100
     107
     108
     127
     111
     127
     127
     132
     113
     126
     128
     135
     139
     125
     121
     103
     104
     109
     105
      97
      77
      72
      74
      73
      64
      61
      59
      48
      45
      44
      31
      30
      34
      26
      23
      11
      15
      20
      19
       6
      15
      11
       4
       3
       4
       5
       3
       5
       0
       2
       1
       2
       3
       0
       0
       1
       1
       0
       0
       0
       0
       0
       2
       0
       0
       0
       2
       0
       0
       0
       0
       0
       0
       0
       0
       0
       0
       1
       0
       0
       0
       0
       0
       0
       0
       0
       0
       0
       0
       0
       0
       0
       0
       0
       1
       0
       0
       1
       0
       0
       0
       0
       0
       0
       0
       1
       0
       0
       0
       0
       0
       0
       0
       0
       0
       0
       1
       0
       0
       0
       0
       0
       0
       0
       0
       1
       0
       0
       0
       0
       0
       0
       0
       0
       0
       0
       0
       0
       1
       0
       0
       0
       0
       1
       0
       0
       0
       0
       0
       0
       2
       1
       1
       0
       0
       0
       0
       0
       0
       0
       0
       0
       0
       0
       0
       0
       0
       0
       0
       0
       0
       0
       0
       1
       0
       0
       0
       1
       0
       0
       0
       0
       1
       0
       0
       1
       0
       0
       0
       0
       0
       0
       1
       0
       0
       0
       0
       0
       0
       0
       0
       0
       0
       0
       0
       0
       0
       0
       0
       0
       0
       1
       1
       0
       0
       0
       0
       0
       0
       0
       1
       0
       0
       0
       0
       0
       0
       0
       1
       0
       0
       0
       0
       0
       0
       0
       0
       0
       0
       0
       0
       0
       0
       0
       0
       0
       0
       0
       0
       0
       0
       0
       0
       0
       1
       1
       0
       0
       0
       0
       0
       0
       0
       0
       0
       0
       0
       1
       0
       0
       0
       0
       0
       0
       0
       0
       0
       0
       0
       0
       0
       1
       0
       0
       0
       0
       0
       0
       0
       0
       0
       0
       0
       0
       1
       0
       0
       0
       0
       0
       0
       0
       0
       0
       0
       0
       0
       0
       0
       0
       0
       0
       0
       0
       0
       0
       0
       0
       0
       0
       0
       0
       0
       0
       0
       0
       0
       0
       0
       0
       0
       0
       0
       0
       0
       0
       0
       0
       0
       0
       0
       0
       0
       1
       0
       0
       0
       0
       1
       0
       0
       0
       1
       0
       1
       0
       0
       0
       0
       0
       0
       0
       0
       0
       0
       0
       0
       0
       0
       0
       0
       0
       0
       0
       0
       0
       1
       0
       0
       0
       0
       0
       0
       0
       0
       0
       0
       1
       0
       0
       0
       0
       0
       0
       0
       0
       0
       0
       0
       0
       0
       0
       0
       0
       0
       0
       0
       0
       0
       0
       0
       0
       0
       0
       0
       0
       0
       0
       0
       0
       0
       1
       0
       0
       0
       0
       0
       0
       0
       0
       0
       0
       0
       0
       0
       0
       0
       0
       0
       0
       0
       0
       0
       0
       0
       0
       0
       0
       0
       0
       0
       0
       0
       0
       0
       0
       0
       0
       0
       0
       0
       0
       0
       0
       0
       0
       0
       0
       1
       0
       0
       0
       0
       0
       0
       0
       0
       0
       0
       0
       0
       0
       0
       0
       0
       0
       0
       0
       0
       0
       0
       0
       0
       0
       0
       0
       0
       0
       0
       0
       0
       0
       0
       0
       0
       0
       0
       0
       0
       0
       0
       0
       0
       0
       0
       0
       0
       0
       0
       0
       0
       0
       0
       0
       0
       0
       0
       0
       0
       0
       0
       0
       0
       0
       0
       0
       0
       0
       0
       0
       0
       0
       0
       0
       0
       1
       0
       1
       0
       0
       0
       0
       0
       0
       0
       0
       0
       0
       0
       0
       0
       0
       0
       0
       0
       0
       0
       0
       0
       0
       0
       0
       0
$ROI:
1
411 499
$PRESETS:
Live Time
240
0
$ENER_FIT:
0.000000 0.000000
$MCA_CAL:
3
0.000000E+000 0.000000E+000 0.000000E+000 
$SHAPE_CAL:
3
0.000000E+000 0.000000E+000 0.000000E+000
