$SPEC_ID:
No sample description was entered.
$SPEC_REM:
DET# 3
DETDESC# WD011-05 Easy-MCA-8k SN 13260149
AP# Maestro Version 7.01
$DATE_MEA:
04/04/2017 11:14:34
$MEAS_TIM:
240 240
$DATA:
0 1023
       0
       0
       0
       0
       0
       0
       0
       0
       0
       2
     400
     235
     196
     225
     279
     308
     352
     379
     378
     383
     342
     340
     320
     240
     243
     196
     185
     167
     171
     191
     168
     180
     176
     202
     189
     164
     172
     148
     208
     170
     151
     165
     194
     193
     204
     163
     162
     178
     167
     184
     193
     181
     189
     184
     178
     201
     191
     206
     176
     193
     190
     215
     195
     201
     186
     196
     195
     192
     157
     197
     200
     208
     225
     217
     207
     202
     193
     220
     237
     227
     209
     224
     207
     223
     206
     177
     171
     197
     171
     202
     206
     226
     179
     178
     186
     200
     178
     195
     197
     197
     207
     222
     191
     253
     230
     233
     214
     232
     263
     250
     245
     238
     264
     246
     229
     214
     213
     195
     201
     192
     187
     210
     191
     183
     143
     165
     164
     162
     145
     158
     129
     143
     159
     157
     130
     170
     144
     133
     147
     154
     167
     152
     145
     135
     138
     142
     129
     130
     126
     123
     122
     134
     105
     101
     126
     123
     100
     105
     106
     114
     112
     107
     130
     106
      99
     115
     107
     117
      95
      79
     108
      89
     102
      94
      94
     105
      88
     102
      91
      88
      99
     103
      87
      77
      82
      82
      85
      94
      80
      97
      98
      95
      95
      76
      89
      84
      74
      83
      77
      67
      87
      68
      68
      66
      82
      79
      75
      71
      78
      87
      94
      76
      89
      86
      84
      84
      79
      54
      91
      69
      79
      64
      64
      87
      71
      85
      74
      93
      73
      82
      80
      81
      91
      70
      95
      72
      86
      82
      97
      77
      85
      86
      72
      80
      95
      71
      87
      64
      77
      96
      61
      77
      73
      77
      71
      88
      60
      82
      90
      71
      73
      89
      92
     100
      83
      89
      85
      78
      90
      85
      70
      73
      82
      81
     107
      80
     109
      87
      84
      72
      85
      87
      92
      96
      80
      81
      73
      74
      79
      89
      85
      73
      72
      91
      83
      91
      93
      85
      81
      79
      77
      65
      79
      69
      73
      77
      75
      75
      58
      67
      46
      48
      52
      53
      57
      50
      52
      45
      45
      57
      34
      32
      32
      33
      41
      37
      32
      30
      25
      19
      22
      29
      32
      26
      35
      35
      30
      17
      16
      23
      17
      15
      18
      21
      15
      15
      15
      19
      20
      16
      17
      19
      11
      11
       7
      12
      11
      15
       8
      11
      11
      11
      11
       7
      10
       9
      13
       9
       6
       6
       7
       4
      10
      12
      13
       5
      16
       5
       7
       8
       9
      10
       9
       6
      12
       3
       8
       9
      10
       4
       7
       5
       5
       5
       6
       7
       9
      10
       7
       8
       8
       8
       9
       6
       5
       9
      11
      11
      11
       9
       9
      16
      11
      10
      10
      15
      15
      16
      11
      16
      14
      23
      22
      29
      21
      24
      27
      24
      37
      38
      28
      41
      39
      47
      50
      68
      67
      69
      61
      70
      63
      84
      73
     105
      86
      84
     102
     134
     102
     105
     103
     108
     118
     132
     133
     130
     110
     141
     122
     140
     129
     122
     126
     109
     105
     102
     118
     106
     108
      87
      81
      83
      73
      81
      76
      61
      55
      54
      36
      44
      46
      28
      34
      37
      36
      25
      12
      18
      13
       8
      15
      11
       5
       8
      10
       9
       8
       3
       2
       2
       1
       1
       2
       3
       1
       1
       0
       0
       0
       0
       0
       0
       0
       1
       0
       1
       1
       0
       0
       0
       0
       1
       0
       0
       0
       0
       1
       0
       0
       0
       0
       0
       0
       0
       0
       0
       0
       0
       0
       0
       0
       0
       0
       0
       0
       2
       0
       2
       0
       0
       0
       0
       0
       0
       1
       0
       0
       0
       1
       0
       1
       0
       0
       0
       0
       0
       0
       0
       1
       0
       0
       0
       0
       0
       0
       1
       0
       0
       0
       0
       1
       0
       0
       0
       0
       0
       1
       0
       0
       0
       0
       0
       0
       0
       0
       0
       0
       0
       0
       0
       0
       0
       0
       0
       0
       1
       0
       0
       0
       0
       0
       0
       0
       0
       0
       0
       0
       0
       0
       0
       0
       0
       0
       0
       0
       0
       1
       0
       0
       1
       0
       1
       0
       0
       0
       0
       1
       1
       0
       0
       0
       0
       0
       0
       0
       0
       0
       0
       0
       0
       1
       1
       1
       0
       0
       0
       0
       0
       0
       0
       1
       0
       0
       0
       0
       0
       0
       0
       0
       0
       0
       0
       0
       0
       0
       0
       1
       0
       0
       0
       0
       0
       0
       1
       1
       0
       0
       0
       0
       1
       0
       0
       0
       0
       0
       0
       0
       0
       0
       0
       0
       0
       0
       0
       0
       0
       0
       0
       0
       0
       0
       0
       0
       0
       0
       0
       0
       0
       0
       0
       0
       1
       0
       0
       1
       0
       0
       0
       0
       0
       1
       1
       0
       1
       0
       0
       0
       0
       0
       0
       0
       0
       0
       0
       0
       0
       1
       0
       0
       0
       0
       0
       0
       0
       0
       0
       0
       0
       0
       2
       0
       0
       0
       0
       0
       0
       0
       0
       0
       0
       0
       0
       0
       1
       0
       0
       0
       0
       0
       0
       0
       0
       1
       0
       0
       1
       1
       0
       0
       0
       0
       0
       0
       0
       0
       0
       1
       0
       0
       0
       0
       0
       0
       0
       0
       0
       0
       0
       0
       0
       0
       0
       0
       0
       0
       0
       0
       0
       0
       0
       0
       0
       0
       0
       0
       0
       0
       1
       0
       0
       0
       0
       0
       0
       1
       0
       0
       0
       0
       0
       0
       0
       0
       0
       0
       0
       0
       0
       0
       1
       0
       0
       0
       0
       0
       0
       0
       1
       0
       0
       0
       0
       0
       0
       0
       0
       1
       0
       0
       0
       0
       0
       1
       0
       0
       0
       0
       0
       0
       0
       0
       0
       0
       1
       0
       0
       0
       0
       0
       0
       0
       0
       0
       0
       0
       0
       0
       0
       0
       0
       1
       0
       0
       0
       0
       0
       0
       0
       0
       0
       0
       0
       0
       0
       0
       0
       0
       0
       0
       0
       0
       0
       0
       0
       0
       0
       0
       0
       0
       0
       0
       0
       0
       0
       0
       0
       0
       0
       0
       0
       0
       0
       0
       0
       0
       0
       0
       0
       0
       0
       0
       0
       0
       0
       0
       0
       0
       0
       0
       0
       0
       0
       0
       0
       0
       0
       0
       0
       0
       0
       0
       0
       0
       0
       0
       0
       0
       0
       0
       0
       0
       0
       0
       1
       0
       0
       0
       0
       0
       0
       0
       0
       0
       0
       0
       0
       0
       0
       0
       0
       0
       0
       0
       0
       0
       0
       0
       0
       0
       0
       0
       0
       0
       0
       0
       0
       0
       0
       0
       0
       0
       0
       0
       0
$ROI:
1
411 499
$PRESETS:
Live Time
240
0
$ENER_FIT:
0.000000 0.000000
$MCA_CAL:
3
0.000000E+000 0.000000E+000 0.000000E+000 
$SHAPE_CAL:
3
0.000000E+000 0.000000E+000 0.000000E+000
