$SPEC_ID:
No sample description was entered.
$SPEC_REM:
DET# 3
DETDESC# WD011-05 Easy-MCA-8k SN 13260149
AP# Maestro Version 7.01
$DATE_MEA:
04/04/2017 09:07:35
$MEAS_TIM:
3600 3602
$DATA:
0 1023
       0
       0
       0
       0
       0
       0
       0
       0
       1
      45
    4008
     533
      97
      68
      58
      99
     110
     164
     210
     247
     287
     305
     295
     280
     194
     175
     116
      94
      79
      91
      67
      74
      72
      91
      91
     117
      98
     106
     103
     112
     114
     157
     138
     142
     128
     132
     148
     147
     153
     144
     153
     149
     167
     155
     146
     169
     163
     141
     133
     147
     156
     161
     158
     155
     159
     153
     149
     171
     152
     138
     166
     135
     157
     138
     128
     148
     150
     133
     128
     139
     131
     125
     134
     117
     121
     110
     112
     108
     100
     120
     105
     113
      90
      90
      87
      99
      71
      81
      89
      90
      77
      67
      78
      90
      59
      63
      56
      69
      69
      62
      64
      71
      72
      51
      63
      61
      53
      47
      58
      46
      48
      50
      42
      39
      35
      43
      38
      39
      39
      33
      27
      37
      32
      48
      20
      27
      28
      37
      26
      42
      37
      29
      43
      34
      21
      31
      28
      21
      29
      22
      21
      18
      18
      30
      19
      22
      19
      17
      23
      19
      29
      21
      24
      22
      18
      12
      25
      15
      20
      21
      16
      11
      24
      15
      15
       9
      12
      20
      18
      10
      11
      19
       9
      11
       9
      18
      14
       8
      10
      18
      12
      11
      10
       8
      16
      13
      13
       7
      10
       8
      13
       8
       6
      13
      15
       8
      10
      12
      14
      10
      13
      10
      10
       6
      14
       9
       8
       5
      15
       6
      11
       6
      11
       7
       8
       9
      13
       4
       8
       6
      16
       4
       6
       8
       4
       8
       7
       4
       9
      11
       8
      12
       3
       6
       3
      11
       7
      11
       5
       5
       9
      10
       3
       2
       3
       5
       6
       8
       6
       5
       5
       6
       5
       4
       7
       6
       3
       6
       6
       3
       5
       4
      11
       5
      11
       9
       4
       4
       5
       3
       3
       6
       3
       5
       8
       7
       5
       6
       3
       5
       7
       5
       9
       4
       5
       6
       4
       3
       4
       7
       9
       8
       6
       3
       2
       3
       5
       5
       4
       6
       4
       4
       3
       7
       5
       4
       6
       4
       4
       2
       6
       3
       4
       4
       5
       2
       4
       2
       6
       1
       1
       9
       7
       3
       3
       5
       5
       2
       4
       5
       3
       4
       2
       2
       6
       6
       6
       3
       3
       3
       2
       5
       4
       3
       3
       7
       3
       1
       2
       3
       5
       2
       4
       3
       3
       1
       0
       5
       2
       6
       3
       2
       1
       4
       3
       3
       2
       2
       5
       2
       3
       1
       2
       3
       2
       4
       4
       5
       3
       6
       7
       4
       3
       3
       4
       1
       5
       4
       3
       6
       3
       2
       3
       4
       0
       4
       3
       4
       0
       5
       2
       1
       1
       3
       2
       6
       2
       4
       4
       5
       7
       4
       4
       3
       2
       2
       1
       4
       3
       3
       4
       1
       3
       3
       1
       4
       4
       3
       1
       6
       2
       4
       2
       3
       0
       4
       2
       2
       6
       2
       4
       2
       1
       2
       4
       2
       2
       2
       2
       3
       3
       1
       2
       6
       7
       2
       2
       3
       4
       0
       1
       2
       3
       0
       2
       2
       3
       2
       3
       1
       4
       2
       2
       1
       4
       1
       2
       2
       4
       2
       2
       4
       5
       1
       0
       3
       2
       0
       1
       0
       1
       2
       3
       3
       3
       1
       3
       2
       2
       2
       5
       3
       2
       1
       1
       4
       1
       3
       2
       2
       1
       3
       4
       1
       2
       1
       1
       3
       2
       1
       1
       5
       2
       0
       1
       3
       3
       1
       1
       2
       1
       5
       0
       0
       2
       3
       3
       1
       4
       0
       4
       1
       2
       3
       2
       1
       1
       1
       0
       2
       1
       1
       2
       2
       1
       1
       0
       3
       0
       2
       2
       6
       3
       1
       2
       4
       2
       3
       1
       5
       1
       3
       1
       3
       2
       3
       2
       1
       3
       3
       2
       2
       1
       1
       2
       0
       2
       3
       2
       3
       0
       3
       1
       1
       1
       0
       2
       3
       3
       4
       1
       1
       0
       1
       1
       2
       2
       2
       0
       0
       0
       1
       1
       1
       3
       1
       0
       1
       2
       5
       1
       2
       1
       2
       3
       2
       1
       2
       0
       2
       3
       2
       0
       1
       2
       1
       1
       4
       2
       2
       3
       3
       2
       4
       1
       2
       4
       1
       0
       3
       0
       1
       1
       2
       3
       0
       2
       1
       2
       2
       1
       2
       3
       0
       5
       2
       1
       1
       0
       2
       3
       1
       0
       1
       1
       1
       1
       3
       2
       2
       1
       0
       0
       0
       2
       3
       2
       3
       4
       6
       1
       1
       1
       1
       2
       1
       1
       2
       0
       1
       0
       1
       2
       0
       0
       0
       4
       0
       4
       0
       2
       1
       1
       0
       1
       0
       3
       1
       0
       2
       0
       1
       1
       1
       0
       0
       0
       1
       2
       2
       1
       0
       0
       3
       1
       1
       0
       1
       0
       2
       2
       2
       1
       0
       1
       2
       0
       1
       2
       0
       0
       1
       2
       1
       2
       1
       0
       1
       0
       2
       0
       0
       0
       0
       1
       1
       1
       2
       1
       1
       2
       0
       1
       1
       0
       0
       0
       1
       0
       0
       0
       1
       1
       1
       1
       1
       1
       1
       1
       3
       0
       1
       2
       0
       1
       1
       1
       1
       2
       1
       2
       0
       2
       1
       2
       2
       0
       2
       2
       1
       1
       0
       0
       1
       1
       1
       3
       1
       2
       1
       1
       1
       2
       1
       1
       0
       0
       3
       4
       2
       2
       1
       1
       0
       3
       3
       0
       2
       0
       1
       1
       0
       3
       0
       3
       3
       0
       3
       0
       1
       0
       1
       3
       0
       0
       3
       0
       0
       1
       0
       0
       1
       0
       0
       1
       2
       1
       1
       2
       3
       1
       2
       0
       1
       1
       2
       2
       4
       1
       2
       2
       1
       3
       2
       1
       5
       1
       1
       0
       0
       3
       0
       0
       0
       1
       1
       1
       0
       1
       0
       2
       1
       1
       0
       0
       0
       0
       0
       0
       1
       0
       3
       0
       0
       1
       2
       4
       0
       0
       1
       1
       0
       2
       0
       0
       1
       0
       0
       0
       1
       0
       2
       1
       0
       0
       0
       0
       0
       0
       0
       1
       0
       0
       1
       1
       0
       1
       0
       0
       0
       0
       0
       0
       0
       1
       1
       0
       0
       0
       0
       0
       0
       1
       1
       0
       0
       0
       0
       0
       0
       0
       0
       0
       0
       1
       0
       0
       0
       1
       1
       0
       0
       0
       0
       1
       0
       0
       1
       1
       0
       0
       0
       0
       0
       0
       0
       0
       0
       0
       0
       0
       0
       0
       0
       0
       0
       0
       0
       0
       0
       0
       0
       0
       0
$ROI:
1
411 499
$PRESETS:
Live Time
3600
0
$ENER_FIT:
0.000000 0.000000
$MCA_CAL:
3
0.000000E+000 0.000000E+000 0.000000E+000 
$SHAPE_CAL:
3
0.000000E+000 0.000000E+000 0.000000E+000
