$SPEC_ID:
No sample description was entered.
$SPEC_REM:
DET# 3
DETDESC# WD011-05 Easy-MCA-8k SN 13260149
AP# Maestro Version 7.01
$DATE_MEA:
04/04/2017 08:56:28
$MEAS_TIM:
240 240
$DATA:
0 1023
       0
       0
       0
       0
       0
       0
       2
       0
       1
       6
     521
     246
     214
     239
     286
     287
     310
     339
     395
     394
     384
     353
     292
     248
     257
     210
     192
     205
     188
     180
     175
     153
     159
     170
     160
     170
     181
     175
     163
     186
     190
     196
     196
     173
     187
     201
     184
     196
     188
     187
     177
     179
     194
     191
     173
     191
     171
     174
     172
     174
     187
     211
     159
     172
     202
     194
     199
     214
     204
     217
     190
     189
     216
     214
     208
     192
     215
     226
     225
     198
     186
     202
     191
     202
     211
     206
     164
     199
     185
     183
     201
     162
     182
     180
     162
     186
     174
     187
     164
     175
     200
     189
     186
     195
     213
     208
     220
     211
     203
     234
     254
     239
     241
     215
     238
     206
     200
     226
     217
     202
     191
     202
     163
     164
     161
     165
     175
     171
     136
     160
     174
     157
     148
     149
     147
     163
     149
     146
     133
     138
     127
     151
     131
     132
     150
     156
     147
     122
     127
     130
     128
     126
     120
     117
     110
     119
     111
     105
     115
     115
     137
     126
     108
      96
     110
     105
     103
      96
     115
     111
     114
      93
      87
      92
      91
     101
     103
      89
      93
     100
      86
      84
      86
      90
      80
      84
      90
      76
      92
     110
      80
      97
      81
      95
      81
      91
      81
      79
      87
      86
      73
     104
      91
      89
      73
      82
      89
      91
      71
      83
      77
      76
      74
      87
      81
      68
      76
      70
      62
      71
      72
      75
      74
      84
      98
      85
      81
      72
      78
      85
      72
      78
      68
      86
      85
      72
      63
      84
      65
      86
      80
      79
      64
      87
      86
      74
      76
      88
      87
      80
      78
      87
      72
      82
      64
      86
      92
      83
      80
      79
      89
      79
      72
      81
      77
      80
      92
      79
      75
      96
      91
      87
      69
      84
      86
      70
      98
      83
      88
      95
      85
      90
      85
      80
      85
      93
      91
      87
      58
     100
      83
      82
      97
      76
      88
      83
      88
      85
      76
      95
      88
      82
      89
      96
      76
      64
      67
      78
      57
      73
      84
      64
      84
      64
      66
      62
      50
      57
      52
      42
      43
      45
      42
      37
      38
      39
      37
      44
      37
      26
      22
      23
      27
      24
      31
      30
      26
      25
      24
      14
      20
      16
      21
      15
      17
      18
      13
      22
      17
      15
      11
      15
      11
      19
       9
      13
      15
      11
      15
      10
      10
      11
      11
      10
       9
      12
      14
      12
       9
       7
      11
       6
       7
       5
       9
      10
       3
       7
       6
       6
       9
       6
       5
       5
       4
       9
       3
       8
      10
       3
       4
       9
       9
       4
       8
       6
       5
      11
       3
       5
       8
       2
      10
       6
       7
       6
      11
       9
      10
      11
       9
       9
      12
      15
      11
       7
       6
      11
      12
      12
      11
      12
      15
      14
      13
      16
      20
      22
      20
      27
      26
      21
      31
      33
      39
      33
      34
      36
      37
      40
      39
      56
      67
      75
      66
      68
      81
      82
      89
     100
     110
     116
     103
     111
     128
     134
     120
     140
     144
     147
     152
     134
     124
     130
     150
     140
     115
     127
     136
     137
     128
     117
      82
      88
      94
      87
      82
      81
      81
      57
      59
      47
      50
      43
      43
      41
      41
      28
      29
      18
      22
      18
      22
      11
      20
       9
      10
       9
      12
       7
       4
       5
       5
       1
       2
       4
       2
       2
       3
       1
       0
       0
       0
       2
       1
       1
       0
       0
       0
       0
       0
       1
       0
       0
       0
       0
       0
       1
       0
       0
       0
       1
       1
       0
       0
       0
       0
       0
       0
       0
       0
       0
       0
       0
       0
       0
       0
       0
       0
       0
       0
       0
       0
       0
       0
       0
       0
       0
       1
       0
       0
       0
       0
       0
       0
       0
       0
       0
       0
       0
       1
       0
       0
       0
       0
       0
       1
       0
       0
       0
       0
       0
       0
       0
       0
       0
       0
       0
       0
       0
       0
       0
       0
       0
       0
       0
       0
       0
       0
       0
       0
       0
       0
       0
       0
       0
       0
       0
       0
       0
       0
       0
       0
       0
       0
       1
       0
       0
       0
       0
       0
       0
       0
       0
       0
       0
       0
       1
       0
       0
       0
       1
       0
       1
       0
       0
       1
       0
       0
       0
       0
       0
       0
       0
       0
       0
       0
       1
       0
       0
       0
       1
       0
       0
       0
       0
       0
       0
       0
       0
       0
       0
       0
       0
       0
       0
       0
       0
       1
       0
       0
       0
       0
       0
       0
       0
       0
       0
       0
       0
       0
       0
       0
       0
       0
       0
       0
       0
       0
       1
       0
       0
       0
       0
       0
       0
       0
       0
       0
       2
       0
       0
       0
       0
       0
       0
       0
       0
       0
       1
       0
       0
       0
       0
       0
       1
       0
       0
       0
       0
       1
       0
       0
       0
       1
       2
       0
       0
       0
       0
       0
       0
       0
       1
       0
       0
       0
       0
       0
       0
       0
       0
       0
       0
       0
       0
       0
       0
       0
       0
       0
       0
       0
       0
       0
       1
       0
       0
       0
       0
       0
       0
       0
       0
       1
       0
       0
       0
       1
       0
       0
       0
       0
       0
       0
       0
       0
       0
       0
       0
       0
       0
       0
       0
       0
       0
       0
       0
       0
       0
       0
       0
       0
       0
       0
       0
       0
       0
       0
       0
       0
       0
       0
       0
       1
       0
       0
       0
       0
       0
       1
       0
       0
       0
       0
       1
       1
       0
       0
       0
       0
       0
       0
       0
       0
       1
       0
       0
       1
       0
       0
       0
       0
       0
       0
       0
       0
       0
       0
       0
       0
       0
       0
       2
       0
       0
       0
       0
       1
       1
       0
       0
       0
       0
       0
       0
       0
       0
       0
       0
       0
       0
       0
       0
       0
       0
       0
       0
       0
       0
       0
       0
       0
       0
       0
       0
       0
       0
       0
       0
       0
       0
       0
       0
       0
       0
       0
       0
       1
       0
       1
       0
       0
       0
       0
       0
       0
       0
       0
       0
       0
       0
       0
       0
       0
       0
       0
       0
       0
       0
       0
       0
       0
       0
       0
       0
       0
       0
       0
       0
       0
       0
       0
       0
       0
       0
       0
       0
       0
       0
       0
       0
       0
       0
       0
       0
       0
       0
       0
       0
       0
       0
       0
       0
       0
       0
       0
       0
       1
       0
       0
       0
       0
       0
       0
       0
       0
       0
       0
       0
       0
       0
       0
       0
       0
       0
       0
       0
       0
       0
       0
       0
       0
       0
       0
       0
       0
       0
       0
       0
       0
       0
       0
       0
       0
       0
       0
       0
       0
       0
       0
       0
       0
       0
       0
       0
       0
       1
       0
       0
       0
       0
       0
       0
       0
       0
       0
       0
       0
       0
       0
       0
       0
       0
       0
       0
       0
       0
       0
       0
       0
       0
       0
       0
$ROI:
1
411 499
$PRESETS:
Live Time
240
0
$ENER_FIT:
0.000000 0.000000
$MCA_CAL:
3
0.000000E+000 0.000000E+000 0.000000E+000 
$SHAPE_CAL:
3
0.000000E+000 0.000000E+000 0.000000E+000
