$SPEC_ID:
No sample description was entered.
$SPEC_REM:
DET# 3
DETDESC# WD011-05 Easy-MCA-8k SN 13260149
AP# Maestro Version 7.01
$DATE_MEA:
04/04/2017 10:59:11
$MEAS_TIM:
240 240
$DATA:
0 1023
       0
       0
       0
       0
       0
       0
       0
       0
       0
       2
     385
     209
     215
     215
     266
     342
     364
     355
     390
     385
     381
     316
     295
     268
     247
     193
     181
     179
     187
     173
     185
     173
     192
     175
     180
     182
     169
     193
     184
     203
     202
     178
     177
     175
     160
     190
     189
     188
     186
     197
     183
     183
     229
     164
     175
     191
     189
     203
     204
     219
     209
     188
     184
     179
     215
     201
     190
     198
     212
     238
     212
     212
     206
     219
     211
     180
     231
     179
     217
     213
     202
     198
     193
     215
     199
     204
     199
     191
     182
     169
     192
     186
     187
     190
     201
     166
     207
     199
     229
     202
     192
     193
     213
     210
     194
     233
     224
     228
     253
     253
     245
     280
     242
     246
     201
     227
     217
     195
     198
     218
     177
     185
     181
     173
     185
     160
     153
     169
     171
     150
     159
     159
     136
     167
     147
     153
     185
     141
     127
     135
     149
     152
     151
     153
     153
     126
     125
     138
     143
     139
     127
     131
     143
     116
     122
     116
     110
     110
     144
     124
     131
     138
     111
     118
     101
     114
     109
     112
     113
     102
     100
     108
      92
     125
     101
      98
     110
     106
      98
     108
      91
     106
      99
      79
      86
      92
      83
      96
      95
      84
      95
      91
      86
      82
      87
      99
      87
      89
      70
      87
     104
      81
      99
      62
      95
      88
      93
      83
      89
      69
      88
      84
      78
      77
      92
      85
      72
      82
     102
      69
      74
      79
      74
      90
      87
      85
      79
      74
      82
      95
      81
      74
      72
      82
      83
      75
      91
      70
      80
      86
      77
      86
      70
      80
      82
      76
      78
      86
      78
      94
      78
      97
      73
      86
      83
      76
      95
      89
      72
      77
     103
      87
      80
      81
      74
      86
      71
      85
      84
      89
      93
      82
      98
      83
      79
      86
      77
      89
      96
      84
     107
      69
      83
      93
      88
      87
      89
      81
      87
      74
      81
      99
      93
      92
     102
      91
      84
      74
      97
      71
      83
     101
      78
      86
      89
      99
      70
      75
      76
      67
      77
      80
      88
      74
      74
      69
      52
      58
      48
      68
      58
      46
      43
      51
      48
      37
      38
      44
      34
      37
      26
      33
      37
      22
      19
      22
      29
      34
      21
      25
      26
      21
      16
      22
      17
      19
      18
      15
      19
      16
      18
      14
      10
      16
      11
      15
      17
      18
      11
      10
      12
      11
      14
      14
      15
      13
       9
      10
       8
       5
       6
      11
       8
       5
      13
       3
       9
       8
       3
       8
       8
       7
       5
       2
       7
      12
       9
       5
       5
       8
       5
      13
       8
       8
      12
       3
       7
       7
       6
       9
       9
       6
       6
      12
       8
       7
      12
       6
      11
       7
       9
       8
       8
      10
       8
       9
      15
      11
      17
       5
       8
      17
      10
      10
      17
      16
      14
      12
      27
      27
      23
      20
      16
      24
      28
      35
      35
      30
      38
      37
      48
      54
      59
      65
      62
      68
      79
      81
      81
      87
     101
      93
     107
      91
     104
     116
     143
     125
     120
     144
     145
     155
     125
     168
     158
     151
     167
     136
     127
     145
     124
     125
      99
     133
     112
     102
     119
      93
     107
      77
      75
      68
      65
      63
      47
      42
      37
      38
      40
      26
      24
      18
      21
      22
      10
      14
      12
      11
       9
       6
      10
       8
       6
       5
       6
       2
       0
       1
       1
       3
       0
       0
       0
       0
       1
       0
       3
       0
       0
       0
       0
       0
       1
       1
       0
       0
       1
       0
       1
       0
       0
       0
       0
       0
       0
       2
       0
       1
       0
       1
       0
       0
       0
       0
       2
       0
       0
       0
       0
       0
       0
       0
       0
       0
       0
       1
       0
       0
       0
       0
       0
       0
       0
       1
       1
       0
       0
       0
       0
       0
       0
       0
       0
       1
       0
       0
       0
       0
       0
       0
       0
       0
       0
       0
       0
       0
       2
       0
       0
       0
       1
       1
       0
       0
       0
       0
       0
       0
       0
       0
       0
       0
       0
       0
       0
       0
       1
       0
       0
       0
       0
       0
       0
       0
       0
       0
       0
       0
       0
       1
       2
       0
       0
       0
       0
       0
       0
       0
       0
       0
       0
       0
       0
       0
       0
       0
       0
       1
       0
       0
       0
       1
       0
       0
       0
       0
       0
       0
       0
       1
       0
       0
       0
       0
       0
       0
       0
       0
       0
       0
       0
       0
       0
       0
       0
       1
       0
       0
       0
       0
       0
       0
       0
       1
       0
       0
       0
       0
       0
       0
       0
       0
       0
       0
       1
       0
       0
       0
       0
       0
       0
       0
       0
       0
       0
       0
       0
       0
       0
       0
       0
       0
       0
       0
       0
       0
       0
       0
       0
       0
       0
       0
       0
       0
       1
       0
       0
       0
       0
       0
       0
       0
       0
       0
       0
       0
       0
       0
       0
       0
       0
       0
       1
       0
       0
       0
       0
       0
       1
       0
       0
       0
       0
       0
       0
       0
       0
       0
       0
       0
       0
       0
       0
       0
       0
       0
       1
       0
       0
       0
       2
       0
       0
       0
       0
       0
       0
       1
       0
       0
       0
       0
       0
       1
       0
       0
       0
       0
       0
       0
       0
       0
       1
       0
       0
       0
       0
       0
       0
       0
       0
       0
       0
       0
       0
       0
       0
       0
       0
       0
       0
       0
       0
       1
       0
       0
       0
       0
       0
       0
       0
       0
       0
       0
       0
       0
       0
       1
       0
       0
       0
       0
       1
       0
       0
       0
       0
       0
       0
       0
       0
       0
       0
       0
       0
       1
       0
       0
       0
       0
       0
       0
       1
       0
       0
       0
       0
       0
       0
       0
       0
       0
       1
       0
       1
       0
       0
       0
       0
       0
       0
       0
       0
       0
       0
       0
       0
       0
       0
       0
       0
       0
       0
       0
       0
       0
       0
       0
       0
       0
       0
       0
       0
       1
       0
       0
       0
       1
       1
       0
       0
       0
       0
       0
       0
       0
       0
       0
       0
       0
       0
       0
       0
       0
       0
       0
       0
       0
       0
       0
       0
       0
       0
       0
       0
       0
       0
       0
       0
       0
       0
       0
       0
       0
       0
       0
       0
       0
       0
       0
       0
       0
       0
       0
       0
       0
       0
       0
       0
       0
       0
       0
       0
       0
       0
       0
       0
       0
       0
       0
       1
       0
       0
       0
       0
       0
       0
       0
       0
       0
       0
       0
       0
       0
       0
       0
       0
       0
       0
       0
       0
       0
       0
       0
       0
       0
       0
       0
       0
       0
       0
       0
       0
       0
       0
       0
       0
       0
       0
       0
       0
       0
       0
       0
       0
       0
       0
       0
       0
       0
       0
       0
       0
       0
       0
       0
       0
       0
       0
       0
       0
       0
       0
       0
       0
       0
       0
       0
       0
       0
       0
       0
       0
       0
$ROI:
1
411 499
$PRESETS:
Live Time
240
0
$ENER_FIT:
0.000000 0.000000
$MCA_CAL:
3
0.000000E+000 0.000000E+000 0.000000E+000 
$SHAPE_CAL:
3
0.000000E+000 0.000000E+000 0.000000E+000
