$SPEC_ID:
No sample description was entered.
$SPEC_REM:
DET# 3
DETDESC# WD011-05 Easy-MCA-8k SN 13260149
AP# Maestro Version 7.01
$DATE_MEA:
04/04/2017 09:02:39
$MEAS_TIM:
240 240
$DATA:
0 1023
       0
       0
       0
       0
       0
       0
       0
       0
       0
       2
     522
     254
     228
     237
     268
     315
     366
     387
     399
     408
     371
     329
     304
     289
     209
     196
     205
     194
     164
     182
     189
     167
     194
     183
     163
     177
     170
     169
     205
     159
     172
     198
     211
     192
     201
     177
     182
     180
     165
     207
     186
     183
     194
     188
     185
     197
     202
     214
     214
     187
     189
     165
     210
     204
     212
     194
     219
     218
     193
     214
     216
     221
     204
     239
     203
     212
     216
     209
     225
     199
     228
     190
     192
     176
     198
     176
     206
     211
     208
     203
     183
     203
     198
     220
     185
     207
     214
     210
     185
     212
     222
     219
     210
     215
     233
     211
     259
     237
     233
     217
     249
     228
     230
     230
     205
     219
     204
     203
     201
     191
     208
     159
     167
     172
     165
     147
     168
     177
     163
     140
     146
     177
     159
     158
     144
     133
     153
     137
     141
     127
     117
     150
     152
     147
     145
     135
     140
     145
     131
     113
     142
     115
     111
     116
     112
     116
     110
     136
     119
      98
     108
     113
     110
     104
      82
     112
     105
      95
      91
     101
     114
      99
      98
     102
     105
     104
     105
     102
     100
      80
      86
      95
     110
      84
     112
      94
      80
      85
      77
      79
     102
      86
      94
      90
      91
      70
      91
      89
      82
      91
      79
      85
      77
      77
      93
      84
      79
      76
      97
      83
      83
      97
      86
      87
      72
      83
      77
      80
      75
      88
      80
      77
      63
      87
      78
      93
      89
      96
      78
      83
      82
      78
      71
      79
      70
      74
      92
      64
      70
      74
      87
      94
      86
      79
      79
      93
      63
      71
      85
      73
      81
      93
      90
      78
      89
      86
      84
      86
      98
      86
     101
      72
      96
      79
      91
      71
      89
      99
     102
      97
      87
      79
      91
      90
      74
      83
      93
      79
      75
      81
      78
      95
      97
      71
      97
      87
     102
      85
      95
      86
      89
      97
      93
      74
      95
      80
      72
      89
      83
      80
      75
      69
      82
      79
      81
      58
      68
      59
      60
      58
      51
      51
      47
      44
      51
      47
      46
      50
      41
      37
      35
      37
      39
      31
      44
      28
      27
      37
      40
      27
      20
      24
      20
      29
      14
      14
      17
      17
      20
      25
      10
      19
      16
      14
      19
      12
      18
      16
      20
      13
       9
      11
      16
       7
       9
      11
      13
      16
      15
      15
      10
      14
       8
       9
      10
      11
       9
       7
       8
      13
       9
       6
       1
       6
       8
      11
       7
      10
       5
       6
      15
       9
       4
      10
       5
      11
       7
      12
       7
       9
       7
       5
       8
       7
       3
       6
       9
       8
       6
       8
       8
       9
       9
      12
       8
       8
      14
      12
       8
      13
      12
      17
      20
      11
      12
      20
      19
      22
      17
      21
      39
      27
      20
      33
      26
      29
      30
      53
      30
      48
      49
      47
      59
      57
      63
      67
      86
      95
      84
     101
      86
      94
     110
     121
     105
     124
     125
     129
     123
     119
     165
     122
     150
     124
     144
     129
     119
     133
     130
     124
     120
     117
     133
     120
      99
     110
      85
     101
      79
      80
      64
      66
      61
      62
      48
      53
      49
      39
      38
      25
      29
      16
      21
      10
      16
      12
       9
       8
       7
       7
       8
       7
       7
       3
       2
       4
       5
       2
       1
       3
       3
       1
       0
       2
       0
       1
       1
       1
       0
       0
       0
       0
       0
       1
       0
       0
       1
       0
       0
       0
       0
       0
       0
       0
       0
       2
       0
       0
       0
       0
       1
       0
       0
       0
       0
       0
       0
       1
       1
       1
       0
       0
       0
       0
       0
       0
       0
       1
       1
       0
       0
       0
       2
       0
       0
       0
       1
       1
       0
       0
       0
       0
       0
       1
       0
       0
       0
       0
       0
       0
       0
       0
       0
       0
       0
       0
       0
       0
       0
       0
       0
       3
       0
       0
       0
       0
       0
       0
       1
       0
       0
       0
       0
       0
       0
       0
       0
       0
       0
       0
       0
       0
       0
       0
       0
       1
       0
       0
       0
       0
       0
       0
       0
       0
       0
       0
       0
       0
       0
       0
       0
       1
       0
       0
       0
       0
       0
       0
       0
       1
       0
       0
       0
       1
       0
       0
       0
       0
       0
       1
       0
       0
       0
       0
       1
       0
       0
       0
       1
       0
       0
       0
       0
       0
       0
       0
       0
       0
       0
       0
       1
       0
       0
       0
       0
       0
       0
       0
       0
       0
       0
       1
       0
       0
       0
       0
       2
       0
       0
       0
       0
       0
       0
       0
       0
       0
       0
       0
       0
       0
       0
       0
       1
       0
       0
       0
       0
       0
       0
       0
       0
       0
       0
       0
       0
       0
       0
       0
       0
       0
       0
       0
       0
       0
       0
       0
       0
       1
       0
       0
       1
       0
       0
       0
       0
       0
       0
       0
       0
       0
       0
       0
       0
       0
       1
       0
       0
       0
       0
       0
       0
       0
       0
       0
       0
       1
       1
       0
       0
       0
       0
       0
       0
       0
       0
       0
       0
       0
       0
       0
       0
       0
       0
       0
       0
       0
       1
       0
       0
       0
       0
       0
       0
       0
       0
       0
       0
       0
       1
       0
       0
       0
       0
       0
       1
       0
       0
       0
       0
       0
       0
       0
       0
       1
       0
       0
       0
       0
       0
       0
       0
       0
       0
       0
       0
       0
       0
       0
       0
       0
       0
       0
       0
       0
       0
       0
       0
       0
       0
       0
       0
       0
       0
       0
       0
       0
       0
       0
       0
       1
       0
       0
       0
       0
       0
       0
       0
       0
       0
       0
       0
       0
       0
       0
       0
       0
       0
       0
       1
       0
       0
       0
       0
       0
       0
       0
       0
       0
       0
       0
       0
       0
       0
       0
       0
       0
       0
       0
       0
       1
       0
       0
       0
       0
       0
       0
       0
       0
       0
       0
       0
       0
       0
       0
       0
       0
       0
       0
       0
       0
       0
       0
       1
       0
       1
       0
       0
       0
       0
       0
       0
       0
       0
       0
       0
       0
       0
       0
       0
       0
       0
       0
       0
       0
       0
       0
       0
       0
       0
       0
       0
       0
       0
       0
       0
       0
       0
       0
       0
       0
       0
       0
       0
       0
       0
       0
       0
       0
       0
       0
       0
       0
       0
       0
       0
       0
       0
       0
       0
       0
       0
       0
       0
       0
       0
       0
       0
       0
       0
       0
       0
       0
       0
       0
       0
       0
       0
       0
       0
       0
       0
       0
       0
       0
       0
       0
       0
       0
       0
       0
       0
       0
       0
       0
       0
       0
       0
       0
       0
       0
       0
       0
       0
       0
       0
       0
       0
       0
       0
       0
       0
       0
       0
       0
       0
       0
       0
       0
       0
       0
       0
       0
       0
       0
       0
       0
       0
       0
       0
       0
       0
       0
       0
       0
$ROI:
1
411 499
$PRESETS:
Live Time
240
0
$ENER_FIT:
0.000000 0.000000
$MCA_CAL:
3
0.000000E+000 0.000000E+000 0.000000E+000 
$SHAPE_CAL:
3
0.000000E+000 0.000000E+000 0.000000E+000
