$SPEC_ID:
No sample description was entered.
$SPEC_REM:
DET# 3
DETDESC# WD011-05 Easy-MCA-8k SN 13260149
AP# Maestro Version 7.01
$DATE_MEA:
04/04/2017 11:05:53
$MEAS_TIM:
240 240
$DATA:
0 1023
       0
       0
       0
       0
       0
       0
       1
       0
       0
       4
     373
     207
     188
     223
     244
     292
     321
     341
     380
     372
     346
     320
     252
     240
     207
     185
     176
     173
     181
     151
     156
     125
     151
     172
     172
     151
     177
     150
     165
     148
     141
     166
     162
     179
     174
     163
     147
     169
     161
     171
     168
     160
     200
     183
     178
     188
     176
     152
     178
     180
     184
     181
     178
     182
     206
     202
     192
     156
     221
     208
     193
     188
     186
     202
     170
     211
     190
     185
     183
     179
     193
     179
     174
     185
     194
     187
     175
     165
     168
     161
     155
     153
     172
     192
     174
     186
     185
     166
     181
     184
     173
     177
     173
     188
     185
     195
     210
     209
     226
     261
     209
     235
     236
     222
     237
     220
     218
     236
     186
     204
     174
     171
     179
     185
     174
     172
     156
     159
     161
     151
     169
     152
     134
     124
     153
     144
     148
     131
     128
     129
     115
     138
     121
     134
     122
     133
     125
     144
     118
     106
     109
     130
      90
     128
     115
     102
     101
     100
     105
      83
     102
      88
      97
      84
     105
      93
      88
      97
     105
     104
      81
     105
     101
      82
      86
     101
      90
     103
      93
      92
      83
      78
      74
      80
      81
      81
      69
      70
      96
      81
      87
      73
      80
      90
      70
      81
      69
      95
      77
      85
      85
      87
      79
      75
      72
      85
      89
      67
      75
      86
      55
      87
      72
      62
      78
      52
      66
      65
      73
      79
      70
      64
      74
      62
      50
      77
      82
      81
      63
      65
      79
      71
      82
      85
      86
      64
      71
      60
      69
      63
      72
      78
      57
      87
      78
      65
      56
      64
      73
      69
      71
      72
      82
      71
      68
      78
      81
      75
      85
      66
      73
      83
      79
      69
      67
      78
      70
      74
      66
      83
      76
      87
      72
      82
      85
      71
      94
      86
      73
      56
      73
      82
      77
      84
      85
      78
      82
      73
      75
      88
      87
      75
      81
      62
      65
      86
      96
      86
      79
      71
      71
      70
      77
      84
      78
      67
      85
      74
      64
      80
      65
      67
      60
      68
      77
      65
      65
      60
      53
      42
      44
      56
      44
      49
      43
      45
      40
      34
      31
      34
      25
      20
      26
      26
      19
      24
      22
      18
      26
      17
      15
      20
      21
      14
      18
      20
      19
      21
      16
      15
      16
      18
      11
      14
      18
      11
      18
       8
      15
      10
       7
      10
      10
      12
      10
      12
       4
      14
      14
      13
      17
      13
       8
      14
       9
       7
      13
      15
       5
      11
       6
       6
      10
      10
       7
      15
       6
       5
       6
       3
       4
       7
       9
       7
       6
       5
      13
       8
       2
       8
       9
       9
       3
       9
       1
       9
       2
      10
       6
       8
      11
       4
       7
       8
       6
       5
      10
       7
       8
       9
      11
      13
      12
       9
      14
      20
       6
      14
      18
      19
      17
      20
      20
      21
      26
      23
      34
      19
      25
      35
      29
      41
      35
      49
      53
      65
      57
      68
      68
      81
      96
      99
      81
      91
      98
     110
     113
     117
     121
     109
     121
     138
     122
     141
     124
     146
     129
     109
     137
     126
     119
     120
     111
     125
      96
      90
      91
      87
      82
      93
      84
      74
      63
      58
      47
      49
      46
      40
      49
      26
      28
      28
      19
      16
      22
      20
       9
      11
      11
      10
       4
       3
       5
       4
       2
       2
       1
       3
       0
       1
       2
       0
       1
       0
       1
       0
       0
       0
       0
       0
       1
       0
       0
       0
       0
       0
       0
       0
       0
       0
       0
       0
       0
       0
       0
       0
       0
       0
       0
       0
       0
       0
       1
       0
       1
       0
       0
       0
       0
       0
       0
       0
       0
       1
       0
       0
       0
       0
       0
       0
       0
       0
       0
       0
       0
       0
       0
       0
       0
       0
       0
       0
       0
       1
       0
       0
       0
       0
       0
       0
       0
       0
       0
       0
       0
       0
       0
       1
       0
       0
       0
       0
       0
       0
       0
       0
       0
       0
       0
       0
       0
       1
       0
       0
       0
       0
       0
       0
       0
       0
       0
       0
       0
       0
       0
       0
       0
       2
       1
       0
       0
       1
       0
       0
       0
       0
       0
       0
       0
       0
       0
       0
       0
       0
       0
       0
       0
       0
       0
       0
       0
       0
       0
       0
       0
       0
       0
       0
       0
       0
       1
       0
       0
       1
       0
       0
       0
       0
       1
       0
       0
       0
       0
       0
       0
       0
       0
       0
       0
       0
       0
       0
       0
       0
       0
       0
       0
       0
       0
       0
       0
       0
       0
       1
       0
       0
       0
       0
       0
       0
       0
       0
       0
       0
       0
       0
       0
       0
       1
       1
       0
       0
       0
       0
       0
       0
       0
       0
       0
       0
       0
       0
       0
       0
       0
       0
       0
       0
       0
       0
       0
       0
       0
       0
       0
       0
       0
       0
       0
       0
       0
       0
       1
       0
       0
       0
       0
       0
       0
       0
       0
       0
       0
       0
       0
       0
       0
       0
       0
       0
       0
       0
       0
       0
       0
       0
       0
       0
       0
       0
       0
       0
       0
       0
       1
       0
       0
       1
       1
       0
       0
       0
       1
       1
       0
       0
       0
       0
       0
       0
       1
       0
       0
       0
       0
       0
       0
       0
       0
       0
       0
       0
       0
       0
       1
       0
       0
       1
       0
       0
       0
       0
       0
       0
       0
       1
       0
       1
       1
       0
       0
       0
       0
       0
       0
       0
       0
       0
       0
       0
       0
       0
       0
       0
       0
       0
       0
       0
       0
       0
       0
       0
       0
       0
       0
       0
       1
       0
       0
       0
       0
       0
       1
       0
       0
       0
       0
       0
       0
       0
       0
       0
       0
       0
       0
       0
       0
       0
       0
       0
       0
       0
       1
       0
       0
       0
       0
       0
       0
       0
       0
       0
       1
       0
       0
       0
       1
       0
       0
       0
       0
       0
       0
       0
       0
       0
       0
       0
       0
       0
       0
       0
       0
       0
       0
       0
       0
       0
       0
       0
       0
       0
       1
       0
       0
       0
       0
       0
       0
       0
       0
       0
       0
       0
       0
       0
       0
       0
       0
       0
       0
       0
       0
       0
       0
       0
       0
       0
       0
       0
       0
       0
       0
       0
       0
       0
       0
       0
       0
       1
       0
       0
       0
       0
       0
       0
       0
       0
       0
       0
       0
       0
       0
       0
       0
       0
       0
       0
       0
       0
       0
       0
       0
       0
       0
       0
       0
       0
       0
       0
       0
       0
       0
       0
       0
       0
       0
       0
       0
       0
       0
       0
       0
       0
       0
       0
       0
       0
       0
       0
       0
       0
       0
       0
       0
       0
       1
       0
       0
       0
       0
       0
       0
       0
       0
       0
       0
       0
       0
       0
       0
       0
       0
       0
       0
       0
       0
       0
       0
       0
       0
       0
       0
       0
$ROI:
1
411 499
$PRESETS:
Live Time
240
0
$ENER_FIT:
0.000000 0.000000
$MCA_CAL:
3
0.000000E+000 0.000000E+000 0.000000E+000 
$SHAPE_CAL:
3
0.000000E+000 0.000000E+000 0.000000E+000
