$SPEC_ID:
No sample description was entered.
$SPEC_REM:
DET# 3
DETDESC# WD011-05 Easy-MCA-8k SN 13260149
AP# Maestro Version 7.01
$DATE_MEA:
04/10/2017 11:19:08
$MEAS_TIM:
240 240
$DATA:
0 1023
       0
       0
       0
       0
       0
       0
       0
       0
       0
       0
       9
     614
     321
     325
     345
     423
     403
     506
     476
     452
     435
     341
     345
     312
     302
     220
     210
     214
     208
     202
     214
     213
     201
     187
     202
     232
     211
     227
     196
     212
     215
     213
     220
     184
     210
     244
     221
     231
     209
     220
     234
     228
     224
     209
     243
     216
     227
     193
     210
     228
     207
     232
     222
     211
     254
     231
     232
     244
     236
     238
     243
     251
     248
     226
     227
     251
     257
     248
     226
     254
     227
     226
     254
     219
     242
     212
     244
     229
     248
     250
     225
     226
     222
     212
     238
     232
     210
     241
     234
     241
     202
     228
     240
     267
     274
     273
     268
     282
     286
     291
     295
     271
     264
     236
     232
     257
     263
     219
     195
     211
     222
     220
     214
     212
     186
     204
     170
     184
     195
     166
     164
     151
     164
     174
     162
     182
     170
     166
     157
     166
     170
     151
     150
     151
     151
     154
     146
     172
     139
     159
     143
     145
     146
     141
     124
     140
     149
     123
     120
     118
     114
     136
     127
     121
     107
     117
     102
     101
     124
     131
     120
     120
      95
     113
     114
     109
     119
     121
     117
      99
     124
     107
      93
     106
     103
     101
      95
      94
     112
      99
      90
      79
      94
     117
     110
     102
     110
     111
      76
      97
      92
     113
      93
      88
     125
      90
     109
      90
     113
     106
      87
      87
     106
      82
      90
     102
      91
     108
     109
      82
      94
     106
      75
      97
      94
      93
     110
      87
     115
      93
     110
     100
      98
      93
      96
      94
     108
      83
      80
     109
      90
     112
      83
     105
     105
      98
     104
     112
      93
      96
      86
     103
      79
     100
     104
      85
      96
     105
     111
      88
     113
     117
     109
     113
      89
      99
      80
      93
     110
     111
     107
     116
     122
     116
     116
      77
     130
     112
      91
     105
     102
     104
     110
     102
     118
     111
      91
     116
     133
     104
      92
      96
      84
     106
      80
      75
      81
      93
      85
      86
      88
      80
      74
      86
      69
      81
      92
      72
      57
      54
      58
      53
      48
      48
      53
      36
      36
      49
      42
      42
      38
      31
      32
      34
      23
      27
      30
      26
      24
      26
      25
      24
      22
      18
      20
      29
      18
      27
      24
      17
      15
      16
      19
      15
      16
       8
      11
      13
      21
      11
      14
      14
      15
       9
      14
      11
      13
       9
       8
       9
       6
      14
      10
       5
      14
       8
      10
       6
       6
       5
       5
       9
       5
       3
      10
      13
       9
       6
       8
       5
       3
       8
       9
       9
      12
      11
       9
      11
       3
      11
      11
      13
       8
       6
       8
      10
      12
      11
      15
      10
       9
      10
      18
      13
      15
      18
      16
      17
      26
      17
      22
      12
      24
      26
      27
      30
      40
      42
      43
      49
      53
      72
      54
      63
      64
      59
      75
      80
      88
      93
     112
     124
     121
     123
     145
     124
     145
     138
     160
     144
     141
     140
     144
     160
     184
     178
     162
     179
     168
     150
     142
     182
     149
     145
     138
     141
     125
     135
     124
     132
     116
      99
      94
      77
      62
      73
      61
      66
      58
      51
      47
      34
      21
      28
      27
      19
      16
      21
      15
       5
      11
      20
       7
       5
       8
       7
       0
       4
       5
       6
       0
       2
       1
       3
       0
       1
       0
       1
       0
       1
       1
       1
       0
       0
       0
       1
       0
       0
       0
       0
       0
       0
       0
       0
       0
       0
       0
       0
       0
       0
       0
       0
       0
       1
       0
       0
       0
       0
       0
       0
       0
       0
       1
       0
       0
       0
       0
       0
       1
       0
       0
       1
       0
       0
       0
       0
       0
       0
       0
       0
       0
       0
       0
       0
       1
       0
       0
       0
       0
       0
       0
       0
       0
       0
       0
       0
       0
       2
       1
       2
       0
       0
       0
       0
       0
       0
       0
       0
       1
       1
       0
       0
       0
       0
       0
       0
       0
       0
       0
       0
       0
       0
       0
       1
       0
       0
       1
       0
       1
       0
       0
       0
       0
       0
       0
       0
       0
       0
       0
       0
       1
       0
       0
       0
       0
       0
       0
       0
       0
       0
       0
       0
       0
       0
       0
       0
       0
       0
       1
       0
       0
       0
       0
       0
       0
       0
       0
       0
       0
       0
       0
       0
       0
       0
       0
       0
       0
       0
       0
       0
       0
       0
       0
       0
       0
       1
       0
       0
       0
       0
       0
       0
       0
       0
       1
       1
       1
       0
       0
       0
       0
       0
       1
       0
       1
       0
       0
       0
       1
       0
       0
       0
       0
       1
       0
       0
       0
       0
       0
       0
       0
       0
       0
       0
       0
       0
       0
       0
       0
       0
       0
       0
       0
       0
       0
       0
       0
       0
       1
       0
       0
       0
       0
       0
       0
       0
       0
       0
       0
       0
       0
       0
       0
       0
       0
       0
       0
       0
       1
       0
       0
       0
       0
       0
       0
       1
       0
       0
       0
       0
       0
       0
       0
       0
       0
       1
       0
       1
       0
       0
       0
       0
       0
       0
       1
       0
       0
       1
       0
       0
       0
       0
       0
       0
       0
       1
       0
       0
       0
       0
       0
       0
       1
       0
       0
       0
       0
       1
       0
       0
       0
       0
       0
       0
       0
       0
       1
       0
       0
       0
       0
       0
       0
       0
       0
       0
       0
       0
       0
       0
       0
       0
       0
       0
       0
       0
       0
       0
       0
       0
       0
       0
       0
       0
       0
       1
       0
       0
       0
       1
       0
       0
       0
       0
       0
       0
       2
       0
       0
       0
       0
       1
       0
       0
       0
       0
       0
       0
       0
       0
       0
       1
       0
       0
       0
       0
       0
       0
       0
       0
       0
       1
       0
       1
       0
       0
       1
       0
       0
       1
       0
       1
       0
       0
       0
       0
       0
       0
       0
       0
       0
       0
       0
       0
       0
       0
       0
       0
       0
       0
       0
       0
       0
       0
       0
       0
       0
       0
       0
       0
       0
       0
       0
       0
       0
       0
       0
       0
       0
       0
       0
       0
       0
       0
       0
       0
       0
       0
       0
       0
       0
       0
       1
       0
       0
       0
       0
       0
       0
       0
       0
       0
       0
       0
       0
       0
       0
       0
       0
       0
       0
       0
       0
       0
       0
       0
       0
       0
       0
       0
       0
       0
       0
       0
       0
       0
       0
       0
       0
       0
       0
       0
       0
       0
       0
       0
       0
       0
       0
       0
       0
       0
       0
       0
       0
       0
       0
       0
       0
       0
       0
       0
       0
       0
       0
       0
       0
       0
       0
       0
       0
       0
       0
       0
       0
       0
       0
       0
       0
       0
       0
       0
       0
       0
       0
       0
       0
       0
       0
       0
       0
       0
       0
       0
       0
       0
       0
       0
       0
       0
       0
       0
       0
       0
       0
       0
       0
       0
       0
       0
       0
       0
       0
       0
$ROI:
1
368 498
$PRESETS:
Live Time
240
0
$ENER_FIT:
0.000000 0.000000
$MCA_CAL:
3
0.000000E+000 0.000000E+000 0.000000E+000 
$SHAPE_CAL:
3
0.000000E+000 0.000000E+000 0.000000E+000
