$SPEC_ID:
No sample description was entered.
$SPEC_REM:
DET# 3
DETDESC# WD011-05 Easy-MCA-8k SN 13260149
AP# Maestro Version 7.01
$DATE_MEA:
04/10/2017 11:27:02
$MEAS_TIM:
240 240
$DATA:
0 1023
       0
       0
       0
       0
       0
       0
       0
       0
       0
       0
       7
     594
     313
     294
     314
     416
     443
     446
     478
     454
     447
     406
     341
     343
     281
     216
     239
     231
     215
     220
     198
     203
     174
     195
     207
     207
     192
     223
     224
     185
     205
     230
     225
     194
     233
     227
     216
     211
     210
     220
     255
     198
     233
     233
     190
     176
     186
     222
     210
     200
     191
     238
     232
     231
     213
     180
     209
     241
     232
     234
     231
     232
     219
     235
     227
     238
     253
     225
     238
     222
     223
     223
     244
     228
     213
     218
     188
     185
     229
     217
     208
     199
     166
     205
     217
     231
     222
     201
     228
     231
     216
     209
     205
     267
     251
     264
     286
     247
     264
     292
     274
     277
     278
     267
     245
     240
     257
     228
     215
     216
     220
     190
     226
     211
     210
     180
     176
     191
     170
     187
     154
     186
     185
     188
     171
     161
     137
     193
     164
     139
     174
     143
     155
     168
     184
     148
     146
     134
     157
     146
     144
     169
     139
     135
     139
     128
     126
     108
     144
     111
     121
     116
     113
     118
     123
     143
     136
     107
      97
     125
     131
     128
     111
     125
      97
     126
     103
     106
     115
     100
      83
     107
     102
     118
      97
      92
     109
      92
     109
     102
      95
     102
     103
     105
     107
     100
     102
      71
      98
     116
     102
     111
      98
     114
     104
      90
     102
     110
     110
      94
      87
     111
     101
      96
      86
      97
     101
      84
     101
     107
      93
      84
     100
     104
     106
      88
      79
      89
      92
     100
     107
      96
      92
      82
     100
      94
     100
      84
      91
      66
      85
      93
      92
     114
      79
      87
      78
      91
     114
      89
     106
      83
      89
      92
      99
      93
      93
      86
      86
      95
      94
      99
      83
      89
      84
      81
     101
      96
     102
     101
     101
      90
     103
      98
      98
      96
      95
     128
     104
     114
      92
     109
      98
      85
      98
      90
     106
     116
      94
     106
     131
     105
     106
     107
      92
      92
     117
      83
      89
      83
     100
      85
      90
      84
      88
      88
      70
      83
      71
      65
      80
      78
      71
      57
      65
      39
      61
      62
      48
      37
      32
      46
      44
      39
      37
      28
      34
      32
      35
      41
      15
      21
      24
      30
      28
      22
      18
      21
      20
      25
      20
      20
      21
      18
      20
      15
      21
      21
      16
      14
      17
      10
      14
      21
      15
      15
      14
      15
      10
      16
      16
       6
      13
      12
      13
       6
       8
       8
       8
      11
      11
      11
       8
       6
       4
       9
       4
       7
       7
      11
       5
      12
       9
       6
       5
       6
       9
      19
      11
      12
      14
       9
       5
       3
      18
       9
       9
       6
       6
      13
       8
       9
      11
       9
       6
       6
       8
      15
      17
       8
      15
      16
      14
      17
      15
      20
      13
      18
      18
      26
      23
      19
      19
      29
      20
      32
      34
      31
      30
      40
      51
      53
      47
      54
      61
      62
      75
      89
      82
      92
     108
      91
     110
     125
     121
     116
     117
     129
     146
     150
     162
     148
     135
     168
     177
     156
     171
     179
     169
     160
     157
     158
     156
     151
     142
     145
     146
     121
     120
     119
      93
      82
      92
      74
      79
      60
      44
      42
      61
      37
      47
      30
      26
      26
      20
      19
      14
      15
      10
      10
      11
       6
       5
       8
      10
       4
       2
       2
       2
       1
       2
       1
       0
       0
       0
       0
       0
       0
       1
       1
       0
       0
       0
       0
       1
       0
       0
       0
       0
       0
       0
       1
       0
       0
       0
       0
       0
       0
       0
       0
       0
       0
       0
       0
       1
       2
       0
       0
       1
       0
       0
       1
       0
       0
       0
       0
       0
       0
       0
       0
       0
       0
       0
       0
       0
       1
       0
       0
       0
       0
       0
       0
       1
       1
       0
       0
       0
       0
       0
       0
       1
       0
       0
       0
       0
       0
       0
       0
       1
       0
       0
       0
       0
       0
       0
       0
       0
       0
       0
       0
       0
       0
       0
       0
       0
       0
       0
       0
       0
       0
       0
       0
       0
       0
       0
       0
       0
       0
       0
       0
       0
       0
       0
       0
       0
       0
       0
       1
       0
       0
       0
       0
       1
       0
       0
       0
       0
       0
       0
       0
       0
       0
       0
       0
       0
       1
       0
       0
       0
       1
       1
       0
       0
       0
       0
       0
       0
       1
       0
       0
       0
       1
       0
       1
       0
       0
       0
       0
       0
       0
       0
       0
       0
       0
       0
       0
       0
       0
       0
       0
       0
       0
       0
       0
       0
       0
       0
       0
       0
       0
       0
       0
       0
       1
       0
       0
       0
       0
       0
       0
       0
       0
       1
       0
       0
       1
       0
       0
       0
       0
       0
       0
       0
       0
       0
       0
       0
       0
       0
       0
       0
       0
       0
       0
       0
       0
       0
       0
       0
       0
       0
       0
       0
       0
       0
       0
       0
       0
       0
       1
       0
       0
       0
       0
       0
       0
       0
       0
       0
       0
       0
       0
       0
       0
       0
       0
       1
       0
       0
       0
       0
       0
       0
       0
       0
       0
       0
       0
       0
       1
       0
       0
       0
       0
       0
       0
       0
       0
       0
       0
       0
       0
       0
       0
       0
       0
       0
       0
       0
       0
       2
       0
       1
       0
       0
       0
       0
       0
       0
       0
       0
       0
       0
       0
       0
       0
       0
       0
       0
       0
       0
       0
       0
       0
       0
       0
       0
       1
       0
       0
       0
       0
       0
       0
       0
       0
       0
       0
       0
       0
       0
       2
       0
       0
       0
       0
       0
       0
       0
       0
       1
       1
       0
       0
       0
       0
       0
       0
       0
       0
       0
       0
       0
       1
       1
       0
       0
       0
       0
       0
       0
       0
       0
       0
       0
       0
       0
       0
       0
       0
       0
       0
       0
       0
       0
       0
       0
       0
       0
       0
       1
       1
       0
       0
       0
       0
       0
       0
       0
       0
       0
       0
       0
       1
       0
       0
       0
       1
       0
       1
       0
       0
       0
       0
       0
       0
       0
       0
       0
       0
       0
       0
       0
       0
       0
       0
       0
       0
       1
       0
       0
       0
       0
       0
       0
       0
       0
       0
       0
       0
       0
       1
       0
       0
       0
       0
       0
       0
       0
       0
       0
       0
       0
       0
       0
       1
       0
       0
       0
       0
       0
       0
       0
       0
       0
       0
       0
       0
       0
       0
       1
       0
       0
       0
       0
       0
       0
       0
       0
       0
       0
       0
       0
       0
       0
       0
       0
       0
       0
       0
       1
       0
       0
       1
       0
       0
       0
       0
       0
       0
       0
       0
       0
       0
       0
       0
       0
       0
       0
       0
       0
       0
       0
       0
       0
       0
       0
       0
       0
       0
       0
       0
       0
       0
       0
       0
       0
       0
       0
       0
       0
       0
       0
       0
       0
       0
       0
       0
       0
       0
       0
       0
       0
       0
$ROI:
1
368 498
$PRESETS:
Live Time
240
0
$ENER_FIT:
0.000000 0.000000
$MCA_CAL:
3
0.000000E+000 0.000000E+000 0.000000E+000 
$SHAPE_CAL:
3
0.000000E+000 0.000000E+000 0.000000E+000
