$SPEC_ID:
No sample description was entered.
$SPEC_REM:
DET# 3
DETDESC# WD011-05 Easy-MCA-8k SN 13260149
AP# Maestro Version 7.01
$DATE_MEA:
04/10/2017 11:32:41
$MEAS_TIM:
240 240
$DATA:
0 1023
       0
       0
       0
       0
       0
       0
       0
       0
       0
       0
       4
     551
     343
     321
     347
     392
     406
     491
     506
     466
     456
     386
     373
     275
     294
     258
     221
     219
     225
     210
     191
     208
     165
     203
     199
     187
     208
     196
     230
     218
     209
     190
     210
     202
     208
     239
     192
     198
     201
     211
     211
     205
     195
     236
     188
     194
     202
     175
     223
     225
     214
     219
     200
     234
     229
     237
     236
     209
     255
     224
     239
     252
     251
     244
     227
     211
     229
     227
     237
     233
     242
     218
     218
     233
     203
     226
     182
     230
     208
     191
     214
     210
     210
     216
     206
     239
     230
     242
     206
     215
     219
     241
     248
     260
     296
     273
     291
     289
     278
     298
     251
     298
     274
     281
     229
     279
     248
     220
     220
     221
     220
     199
     186
     171
     190
     212
     195
     179
     166
     181
     184
     151
     184
     161
     167
     163
     169
     153
     173
     142
     157
     154
     150
     165
     172
     171
     149
     149
     167
     154
     137
     163
     142
     162
     152
     137
     154
     138
     124
     137
     159
     111
     126
     146
     144
     135
     118
     103
     121
     115
     109
     108
     119
     118
     101
     112
     110
     118
     128
      97
      98
     113
     109
     103
     107
     107
      93
     114
     107
     114
     115
     115
      93
      90
     104
     102
      87
      89
      91
      95
     110
     107
      99
      88
      91
      95
     100
      91
      97
      91
     108
      95
     102
      90
     108
     105
      90
     101
      86
     107
      92
     107
      99
      96
      89
     105
      93
      83
      95
      97
      91
      91
      86
     106
      92
     104
      97
     112
      97
      88
      88
      97
      76
      82
      82
      88
      97
      92
     104
     100
     116
      98
      95
      93
     112
      90
      99
      88
     102
     108
      96
     100
      98
     116
     102
      86
     107
      96
     107
      99
      92
      93
     115
     117
      98
      85
      98
     105
      94
     116
     103
     104
      92
     127
      96
     102
      95
     105
     113
      98
     113
     100
      99
     112
      93
     114
     111
     105
      99
      81
      93
      97
      89
      92
      74
      88
      87
      73
      91
      76
      69
      64
      76
      71
      74
      57
      67
      58
      59
      62
      39
      51
      43
      36
      36
      39
      27
      37
      28
      30
      28
      26
      26
      23
      33
      27
      26
      24
      13
      23
      27
      27
      22
      19
      15
      17
      17
       8
      17
      11
      12
      19
      13
      12
      11
      12
      19
      11
      16
      18
       6
      11
      14
      16
      13
       9
      15
      17
       9
       7
      16
      10
       6
      14
      12
       9
       8
      10
       8
       5
       8
       8
      13
      11
       7
       7
      10
       8
       8
      10
       9
       3
       7
       9
       3
      11
       7
       9
       7
      11
      10
       8
       5
      10
      13
       9
       9
       9
      12
       8
      11
      13
      19
      21
      10
      17
      19
      18
      24
      17
      17
      22
      27
      19
      24
      22
      36
      31
      35
      42
      42
      53
      46
      51
      72
      72
      76
      76
      71
      78
     124
      91
     120
     114
     126
     138
     138
     139
     144
     146
     159
     176
     146
     163
     183
     164
     156
     173
     176
     161
     180
     164
     139
     151
     158
     150
     152
     133
     126
     108
      96
     115
      81
      84
      83
      69
      50
      48
      59
      50
      45
      34
      22
      36
      31
      28
      19
      18
      22
       9
      13
      10
       9
       9
       2
       5
       3
       3
       1
       1
       5
       3
       0
       1
       2
       1
       1
       1
       0
       0
       1
       1
       0
       1
       0
       0
       0
       0
       1
       0
       1
       0
       0
       0
       1
       0
       0
       0
       0
       0
       0
       0
       0
       0
       0
       0
       0
       0
       0
       0
       0
       0
       0
       0
       1
       0
       0
       0
       0
       0
       1
       0
       0
       0
       0
       0
       0
       0
       0
       0
       0
       0
       1
       0
       0
       0
       0
       0
       0
       0
       0
       0
       0
       0
       1
       0
       0
       0
       0
       0
       0
       0
       0
       0
       0
       1
       0
       0
       0
       0
       0
       0
       0
       0
       0
       0
       0
       0
       0
       0
       0
       0
       1
       0
       0
       0
       1
       0
       0
       0
       0
       0
       0
       0
       0
       0
       0
       1
       0
       0
       0
       0
       0
       0
       0
       0
       1
       0
       0
       0
       0
       0
       0
       0
       0
       0
       0
       0
       0
       0
       0
       0
       0
       0
       0
       0
       0
       0
       0
       0
       0
       0
       0
       0
       0
       0
       0
       0
       0
       0
       0
       0
       0
       1
       0
       1
       0
       0
       0
       0
       0
       0
       1
       0
       0
       0
       0
       0
       1
       0
       0
       1
       1
       0
       0
       0
       0
       0
       0
       0
       0
       0
       0
       0
       0
       0
       0
       0
       1
       0
       0
       1
       0
       0
       1
       0
       0
       0
       1
       1
       0
       0
       0
       0
       0
       0
       0
       0
       0
       0
       0
       0
       1
       1
       0
       0
       0
       1
       0
       0
       0
       0
       0
       0
       0
       0
       0
       0
       0
       0
       0
       0
       0
       0
       0
       0
       0
       0
       0
       0
       0
       0
       0
       0
       0
       0
       0
       0
       0
       0
       0
       0
       0
       0
       0
       0
       0
       0
       0
       0
       0
       0
       0
       0
       0
       0
       0
       0
       0
       0
       0
       0
       0
       0
       0
       0
       0
       0
       0
       0
       0
       1
       0
       0
       0
       0
       0
       0
       0
       0
       0
       0
       0
       0
       0
       0
       0
       0
       0
       0
       0
       0
       0
       0
       1
       0
       0
       0
       0
       0
       0
       0
       0
       1
       0
       0
       0
       0
       0
       0
       1
       0
       1
       0
       0
       0
       0
       0
       0
       0
       0
       0
       0
       0
       0
       0
       0
       0
       0
       0
       0
       0
       1
       0
       0
       1
       0
       0
       0
       1
       0
       0
       0
       0
       0
       0
       0
       0
       0
       0
       0
       0
       0
       0
       0
       0
       0
       0
       0
       0
       0
       0
       0
       0
       0
       1
       0
       0
       0
       0
       0
       0
       0
       0
       0
       0
       1
       0
       0
       0
       0
       0
       0
       0
       0
       0
       0
       0
       0
       0
       0
       0
       0
       0
       0
       0
       0
       0
       0
       0
       0
       0
       0
       0
       0
       0
       0
       0
       0
       0
       0
       0
       0
       0
       0
       0
       0
       0
       0
       0
       0
       0
       0
       0
       0
       0
       0
       0
       0
       0
       0
       0
       0
       0
       0
       0
       0
       0
       0
       0
       0
       0
       0
       0
       0
       0
       0
       0
       0
       0
       0
       0
       0
       0
       0
       0
       0
       0
       0
       0
       0
       0
       0
       0
       0
       0
       0
       0
       0
       0
       0
       0
       0
       0
       0
       0
       0
       0
       0
       0
       0
       0
       0
       0
       0
       0
       0
       0
       0
       0
       0
       0
       0
       0
       0
       0
       0
       0
       0
       0
       0
       0
       0
       0
$ROI:
1
368 498
$PRESETS:
Live Time
240
0
$ENER_FIT:
0.000000 0.000000
$MCA_CAL:
3
0.000000E+000 0.000000E+000 0.000000E+000 
$SHAPE_CAL:
3
0.000000E+000 0.000000E+000 0.000000E+000
