$SPEC_ID:
No sample description was entered.
$SPEC_REM:
DET# 3
DETDESC# WD011-05 Easy-MCA-8k SN 13260149
AP# Maestro Version 7.01
$DATE_MEA:
04/10/2017 11:03:12
$MEAS_TIM:
240 240
$DATA:
0 1023
       0
       0
       0
       0
       0
       0
       0
       0
       0
       0
       8
     491
     298
     311
     322
     338
     388
     424
     424
     463
     457
     380
     323
     311
     289
     251
     233
     189
     195
     188
     166
     207
     177
     194
     219
     179
     206
     208
     213
     171
     198
     176
     216
     222
     206
     187
     201
     237
     213
     184
     235
     208
     210
     184
     202
     200
     207
     206
     225
     204
     216
     207
     199
     212
     213
     231
     194
     229
     235
     234
     214
     231
     256
     230
     209
     204
     211
     236
     218
     223
     220
     220
     218
     237
     204
     221
     186
     237
     223
     208
     196
     215
     211
     206
     201
     206
     220
     213
     205
     233
     223
     208
     217
     237
     221
     249
     231
     250
     249
     241
     290
     279
     261
     267
     252
     233
     246
     214
     251
     216
     221
     187
     188
     187
     159
     177
     167
     173
     209
     166
     147
     184
     178
     178
     191
     183
     148
     161
     166
     171
     167
     178
     163
     162
     152
     144
     139
     184
     130
     139
     135
     127
     128
     126
     137
     121
     101
     135
     122
     116
     127
     165
     126
     119
     131
     113
     128
     119
     107
      96
     101
     106
     112
     130
     130
     104
      96
     103
     103
     117
     115
     116
     101
     120
     118
     101
     105
     100
     107
     101
     107
     116
      99
      88
     100
      85
      97
      93
     102
     100
      97
      84
     109
     101
     101
     102
      84
      81
     101
      97
      69
      91
      75
      78
      90
      82
      77
      75
      94
      91
      81
      75
      92
      97
      87
      78
      74
      94
      96
      89
      92
     106
     102
      74
      76
      94
      92
      93
      84
      85
      89
     100
     111
      81
      70
      98
      73
     105
      82
      93
      94
     106
      93
      96
      90
      90
      90
     106
     115
      89
      88
     106
      93
     105
      94
      99
      94
     108
     120
      99
     101
      93
      90
      88
     102
     125
     109
      89
      98
     101
     105
      93
      95
     117
     109
      91
     120
      98
      93
      92
     122
     110
      81
     110
     118
      87
     107
      99
      98
     102
     102
     103
     103
     109
      85
      89
      86
      81
      88
      83
      73
      92
      68
      60
      75
      71
      64
      58
      47
      52
      51
      50
      46
      47
      49
      34
      29
      39
      37
      42
      43
      38
      33
      33
      32
      29
      28
      30
      22
      24
      29
      20
      19
      14
      20
      24
      14
      29
      16
      20
      21
      21
      10
      14
      14
      17
      25
      10
      16
      16
      17
       8
      20
      17
       6
      17
      10
       8
       8
       4
      10
       9
      13
       9
       9
      12
       9
      10
      10
       9
       4
       8
       9
       8
       7
       4
      14
      10
       7
       3
       6
      12
       4
      11
       8
       6
      11
       8
       8
      11
       8
      11
       8
      13
       9
       8
      10
       9
       6
      11
      15
      10
       6
      14
      15
       9
       9
       5
      15
      16
      13
      15
      14
      17
      16
      20
      21
      21
      20
      31
      40
      30
      24
      29
      36
      35
      35
      46
      63
      45
      67
      70
      73
     101
      72
      97
      87
     107
      98
     120
     126
     134
     135
     124
     149
     150
     158
     136
     162
     154
     162
     173
     165
     140
     159
     172
     165
     161
     149
     142
     146
     129
     141
     114
     106
     109
      97
      76
      83
      87
      68
      68
      61
      65
      42
      38
      30
      38
      37
      25
      25
      18
      22
       8
      13
      10
       8
       9
       8
      11
       5
       5
       3
       4
       3
       3
       4
       2
       1
       0
       1
       1
       1
       0
       1
       1
       1
       0
       2
       0
       0
       0
       0
       0
       0
       0
       0
       0
       0
       0
       0
       0
       0
       0
       0
       1
       0
       1
       1
       0
       0
       0
       0
       1
       1
       0
       1
       0
       0
       0
       0
       0
       0
       0
       0
       0
       0
       1
       0
       0
       0
       0
       0
       0
       0
       0
       0
       0
       0
       0
       0
       0
       0
       0
       0
       1
       0
       0
       0
       0
       0
       1
       0
       0
       0
       0
       0
       0
       0
       0
       0
       0
       1
       1
       0
       2
       0
       0
       1
       0
       0
       0
       0
       0
       0
       1
       0
       0
       0
       0
       0
       0
       1
       0
       0
       0
       0
       0
       0
       0
       0
       0
       0
       1
       0
       0
       0
       0
       0
       1
       0
       0
       0
       0
       0
       0
       1
       0
       1
       0
       0
       0
       0
       0
       0
       0
       0
       0
       0
       0
       1
       0
       0
       0
       0
       0
       0
       0
       0
       0
       0
       0
       1
       0
       0
       0
       0
       0
       1
       0
       0
       0
       0
       0
       0
       0
       0
       0
       0
       0
       1
       0
       0
       0
       0
       0
       0
       0
       0
       0
       0
       0
       0
       0
       0
       1
       0
       0
       0
       0
       0
       0
       0
       0
       0
       0
       0
       0
       1
       0
       0
       0
       0
       0
       0
       0
       0
       1
       0
       0
       0
       0
       1
       0
       0
       0
       0
       0
       0
       0
       0
       0
       0
       0
       1
       0
       0
       0
       0
       0
       0
       0
       0
       0
       0
       0
       0
       0
       0
       0
       0
       0
       0
       0
       1
       0
       0
       0
       0
       0
       0
       0
       0
       0
       0
       0
       0
       0
       0
       0
       0
       0
       0
       0
       0
       0
       0
       0
       0
       0
       0
       0
       0
       0
       0
       0
       1
       0
       0
       0
       0
       0
       0
       0
       1
       0
       0
       0
       0
       0
       0
       0
       0
       0
       1
       0
       0
       0
       0
       1
       0
       0
       0
       0
       0
       0
       0
       0
       0
       0
       0
       0
       0
       0
       0
       0
       0
       0
       0
       0
       0
       0
       0
       0
       0
       0
       0
       0
       0
       0
       0
       0
       0
       0
       0
       0
       0
       0
       0
       1
       0
       0
       0
       0
       0
       1
       1
       0
       0
       0
       0
       0
       0
       0
       0
       0
       0
       0
       0
       1
       0
       0
       0
       0
       0
       1
       0
       0
       0
       0
       0
       0
       1
       1
       0
       0
       0
       0
       0
       0
       0
       0
       0
       0
       0
       0
       0
       0
       0
       0
       0
       0
       0
       0
       0
       0
       1
       0
       1
       0
       0
       0
       0
       0
       0
       0
       0
       0
       0
       0
       0
       1
       0
       0
       0
       0
       0
       0
       0
       0
       0
       0
       1
       0
       0
       0
       0
       0
       0
       0
       0
       0
       0
       0
       0
       0
       0
       0
       0
       0
       0
       0
       0
       0
       0
       0
       0
       0
       0
       0
       0
       0
       0
       0
       0
       0
       0
       0
       0
       0
       0
       0
       0
       0
       1
       0
       0
       0
       0
       0
       0
       0
       0
       0
       0
       0
       0
       0
       0
       0
       0
       0
       0
       0
       0
       0
       0
       0
       0
       0
       0
       0
       0
       0
       0
       0
       0
       0
       0
       0
       0
       0
       0
       0
       0
       0
       0
       0
       0
       0
       0
       0
       0
       0
$ROI:
1
397 510
$PRESETS:
Live Time
240
0
$ENER_FIT:
0.000000 0.000000
$MCA_CAL:
3
0.000000E+000 0.000000E+000 0.000000E+000 
$SHAPE_CAL:
3
0.000000E+000 0.000000E+000 0.000000E+000
