$SPEC_ID:
No sample description was entered.
$SPEC_REM:
DET# 3
DETDESC# WD011-05 Easy-MCA-8k SN 13260149
AP# Maestro Version 7.01
$DATE_MEA:
04/10/2017 11:40:07
$MEAS_TIM:
1942 1944
$DATA:
0 1023
       0
       0
       0
       0
       0
       0
       0
       0
       0
       2
      24
    2704
     365
      70
      52
      43
      66
     106
     121
     142
     153
     166
     171
     135
      81
      79
      65
      51
      42
      27
      46
      35
      44
      50
      47
      65
      59
      51
      49
      52
      82
      59
      63
      80
      70
      81
      78
      98
      86
      89
      68
      80
      90
      90
      82
      93
      83
      85
      78
      97
      91
      92
      61
      80
      94
      76
      73
      83
      87
      75
      72
      88
      92
      81
      64
      69
      58
      74
      77
      68
      81
      57
      62
      58
      64
      51
      56
      60
      53
      42
      61
      50
      63
      54
      57
      51
      44
      49
      42
      29
      49
      43
      39
      41
      29
      37
      35
      34
      39
      29
      36
      33
      32
      31
      26
      30
      28
      23
      19
      21
      21
      29
      25
      32
      22
      17
      20
      26
      19
      15
      14
      21
      13
      23
      24
      16
      19
      17
      19
      17
      13
      20
       7
      16
      16
      11
      11
       9
       7
       6
      19
       8
       9
       8
      10
      12
      10
       5
       8
       6
       8
       4
      13
       6
      11
       2
      11
       8
      10
       8
       4
      12
       7
      13
       3
      11
      12
      10
       4
       6
       7
       9
       4
       7
       4
       7
       5
      12
       5
       6
       6
       7
       8
       7
       7
       6
       5
       4
       6
       8
       3
       2
       5
       1
       6
       5
       7
       4
       7
      10
       3
       9
       7
       5
       5
       5
       5
       3
       5
       8
       5
       3
       4
       7
       8
       2
       3
       2
       3
       4
       3
       4
       6
       5
       3
       4
       7
       6
       7
       6
       1
       5
       2
       3
       2
       6
       3
       2
       2
       4
       6
       5
       7
       2
       5
       8
       3
       4
       0
       3
       4
       3
       4
       2
       2
       5
       1
       4
       1
       0
       2
       0
       5
       4
       3
       2
       0
       1
       3
       5
       4
       2
       8
       3
       2
       1
       1
       5
       4
       1
       3
       7
       3
       0
       4
       3
       4
       5
       2
       0
       0
       2
       2
       4
       3
       1
       4
       3
       1
       2
       4
       2
       1
       1
       1
       2
       1
       2
       2
       0
       2
       2
       3
       2
       2
       0
       3
       2
       4
       1
       3
       2
       3
       1
       1
       1
       0
       1
       2
       0
       1
       1
       3
       4
       1
       2
       0
       3
       5
       2
       1
       4
       2
       0
       3
       0
       2
       2
       2
       2
       2
       1
       2
       1
       2
       1
       1
       3
       1
       1
       2
       0
       2
       2
       0
       1
       2
       1
       1
       3
       2
       4
       2
       2
       2
       5
       1
       3
       1
       3
       2
       1
       0
       4
       1
       0
       2
       3
       4
       5
       0
       1
       2
       2
       1
       4
       2
       4
       1
       0
       0
       4
       1
       2
       1
       0
       4
       3
       4
       3
       1
       3
       2
       2
       2
       2
       1
       3
       3
       2
       0
       1
       4
       1
       1
       2
       2
       2
       0
       3
       1
       1
       0
       4
       1
       0
       1
       1
       1
       0
       3
       3
       3
       1
       2
       1
       1
       2
       2
       1
       2
       2
       1
       0
       1
       3
       3
       3
       2
       0
       1
       1
       0
       0
       1
       1
       0
       1
       0
       0
       2
       0
       1
       2
       0
       2
       1
       1
       1
       1
       1
       3
       1
       1
       2
       0
       1
       0
       2
       4
       1
       5
       1
       2
       1
       1
       1
       0
       2
       0
       4
       1
       1
       2
       1
       0
       1
       0
       0
       0
       2
       2
       1
       3
       1
       1
       1
       2
       0
       3
       4
       0
       1
       1
       0
       0
       2
       1
       1
       0
       3
       2
       0
       0
       1
       1
       1
       0
       0
       0
       2
       0
       0
       0
       2
       5
       1
       1
       0
       1
       3
       1
       1
       1
       1
       0
       1
       1
       1
       2
       0
       1
       0
       0
       1
       0
       0
       0
       0
       1
       1
       2
       2
       1
       0
       1
       0
       0
       0
       1
       3
       1
       0
       1
       3
       1
       1
       3
       1
       1
       2
       1
       0
       3
       3
       1
       0
       1
       0
       0
       1
       0
       0
       1
       0
       2
       0
       4
       0
       2
       0
       0
       2
       1
       1
       1
       2
       1
       0
       1
       0
       2
       2
       1
       0
       0
       1
       1
       2
       0
       0
       2
       1
       0
       0
       0
       1
       0
       1
       1
       0
       1
       1
       1
       1
       1
       0
       0
       0
       2
       0
       0
       1
       1
       0
       0
       1
       0
       0
       3
       0
       0
       1
       0
       1
       0
       0
       2
       2
       1
       0
       1
       2
       1
       0
       1
       0
       1
       0
       0
       0
       2
       0
       0
       0
       0
       1
       0
       0
       3
       0
       2
       1
       1
       1
       1
       0
       1
       1
       0
       0
       0
       1
       1
       1
       0
       0
       0
       0
       0
       0
       1
       1
       0
       1
       1
       0
       0
       0
       0
       0
       0
       0
       0
       1
       0
       1
       1
       1
       1
       1
       2
       0
       2
       0
       1
       0
       0
       0
       0
       1
       2
       1
       0
       0
       0
       1
       3
       0
       1
       0
       0
       0
       0
       1
       0
       0
       2
       0
       3
       1
       0
       1
       1
       3
       0
       1
       0
       0
       0
       0
       0
       1
       0
       1
       1
       0
       0
       1
       1
       0
       0
       3
       1
       1
       0
       2
       1
       2
       1
       1
       1
       0
       1
       1
       1
       0
       0
       1
       1
       1
       0
       3
       0
       0
       2
       0
       2
       0
       2
       0
       1
       0
       0
       1
       2
       1
       2
       1
       2
       1
       0
       1
       2
       1
       1
       3
       1
       0
       0
       0
       1
       0
       0
       1
       1
       0
       1
       1
       0
       1
       0
       3
       1
       1
       0
       0
       0
       1
       1
       1
       1
       0
       0
       1
       0
       0
       0
       2
       2
       0
       1
       1
       0
       1
       3
       0
       0
       0
       1
       1
       2
       3
       0
       0
       1
       0
       2
       1
       2
       1
       0
       0
       0
       0
       1
       0
       1
       0
       2
       0
       0
       0
       0
       0
       0
       2
       0
       0
       1
       1
       0
       1
       1
       1
       0
       0
       0
       1
       1
       0
       0
       0
       1
       0
       0
       0
       0
       0
       0
       0
       0
       1
       1
       0
       0
       0
       1
       0
       0
       0
       0
       1
       0
       0
       0
       0
       1
       1
       0
       0
       0
       0
       1
       1
       0
       1
       0
       0
       1
       0
       0
       0
       0
       0
       1
       0
       0
       0
       0
       0
       0
       0
       0
       0
       0
       0
       0
       1
       0
       0
       0
       0
       0
       0
       0
       0
       1
       0
       1
       0
       0
       0
       0
       0
       0
       0
       3
       0
       0
       1
       0
       0
       0
       0
       0
       0
       0
       0
       0
       0
       0
       0
       0
       0
       0
       0
       0
       0
       0
       0
       0
       0
       0
$ROI:
1
368 498
$PRESETS:
Live Time
2700
0
$ENER_FIT:
0.000000 0.000000
$MCA_CAL:
3
0.000000E+000 0.000000E+000 0.000000E+000 
$SHAPE_CAL:
3
0.000000E+000 0.000000E+000 0.000000E+000
