$SPEC_ID:
No sample description was entered.
$SPEC_REM:
DET# 3
DETDESC# WD011-05 Easy-MCA-8k SN 13260149
AP# Maestro Version 7.01
$DATE_MEA:
04/10/2017 11:06:44
$MEAS_TIM:
240 240
$DATA:
0 1023
       0
       0
       0
       0
       0
       1
       0
       1
       0
       0
       3
     549
     325
     288
     340
     377
     443
     464
     484
     459
     388
     400
     344
     286
     229
     233
     217
     201
     193
     189
     192
     202
     190
     211
     211
     205
     173
     212
     188
     210
     196
     208
     203
     192
     229
     214
     234
     234
     204
     224
     214
     222
     224
     189
     245
     206
     211
     220
     238
     218
     217
     216
     207
     243
     219
     220
     229
     222
     237
     236
     247
     218
     242
     234
     245
     246
     205
     218
     248
     225
     219
     226
     234
     225
     227
     212
     212
     212
     219
     211
     227
     213
     220
     235
     207
     191
     190
     221
     224
     239
     229
     258
     236
     284
     279
     251
     293
     293
     285
     290
     297
     269
     306
     247
     265
     233
     233
     218
     205
     213
     239
     217
     191
     187
     191
     201
     180
     203
     165
     175
     212
     171
     199
     199
     170
     178
     198
     167
     189
     155
     139
     168
     150
     166
     163
     129
     174
     135
     147
     156
     162
     151
     139
     143
     138
     140
     133
     141
     132
     130
     128
     137
     122
     126
     128
     126
     113
     109
     114
     114
     109
     124
     112
     118
     133
     120
     103
     121
     108
     131
     105
     103
     117
     118
      98
     115
      97
      98
      94
      88
      77
      89
     112
     125
      72
     111
     108
      95
      98
      89
      92
      86
      95
      97
      91
      89
      96
     102
     109
      80
      83
     129
     103
      80
     100
      92
     109
      89
      88
      96
     107
      84
     105
     106
      79
      97
      83
      78
      83
      92
      90
     105
     103
      79
      94
      98
      88
      96
      98
     107
      86
      97
     102
     106
     103
     100
      87
      87
     114
      98
     100
      90
     109
     106
      99
     109
      95
     107
     106
      75
      81
     106
      97
     103
     113
     108
     116
     106
     109
      97
      88
     111
     104
     108
     100
     103
     113
     107
     117
     101
     112
     112
      90
      99
     105
     111
     104
      85
      91
      97
     114
     100
      97
     106
      88
      89
     109
      70
      86
      78
      80
      90
      89
      81
      75
      76
      56
      75
      56
      67
      58
      63
      53
      63
      42
      40
      51
      51
      47
      43
      36
      43
      46
      25
      35
      29
      24
      32
      28
      34
      20
      29
      20
      16
      27
      19
      17
      24
      12
      12
      15
      21
      21
      21
      19
      18
      19
      12
      16
      15
      26
       9
      16
      17
      11
      11
      14
      13
       9
       8
      12
      13
       8
      16
       4
       5
      12
       9
       6
       9
       8
       6
      14
       5
       6
      11
       7
      13
       7
      14
       5
       5
      10
       5
       7
       8
      11
       6
      12
      11
       9
       9
      13
      14
       8
       8
       6
       8
      17
      10
      18
      13
      14
      12
      14
      13
      13
      22
      21
      22
      23
      22
      26
      25
      25
      36
      29
      26
      42
      37
      49
      48
      41
      52
      69
      54
      55
      60
      84
      73
      91
     102
     115
      93
     100
     114
     106
     140
     127
     120
     121
     126
     137
     145
     150
     151
     148
     146
     143
     147
     168
     141
     158
     168
     158
     147
     135
     158
     156
     111
     120
     106
     105
     100
      96
      81
      97
      76
      77
      74
      70
      53
      57
      47
      36
      33
      33
      33
      25
      17
      26
      13
      14
      14
       9
       8
       5
       7
       6
       7
       3
       1
       4
       0
       0
       1
       2
       0
       0
       2
       1
       0
       1
       0
       0
       0
       2
       0
       2
       1
       0
       0
       0
       1
       0
       0
       1
       0
       0
       0
       0
       0
       0
       1
       0
       0
       0
       0
       0
       0
       0
       0
       0
       0
       0
       0
       0
       1
       1
       0
       0
       0
       0
       0
       0
       0
       0
       1
       0
       0
       0
       0
       1
       0
       1
       0
       0
       0
       1
       0
       0
       0
       0
       0
       0
       0
       0
       0
       0
       1
       0
       0
       0
       1
       0
       0
       0
       0
       0
       0
       1
       0
       2
       0
       0
       0
       0
       0
       0
       0
       2
       0
       0
       0
       0
       0
       1
       0
       0
       0
       0
       0
       0
       0
       0
       0
       0
       1
       0
       1
       0
       0
       0
       0
       0
       0
       0
       0
       0
       0
       0
       0
       0
       0
       0
       0
       0
       0
       0
       0
       0
       0
       0
       1
       0
       0
       1
       0
       0
       0
       0
       0
       0
       0
       0
       0
       0
       0
       1
       0
       0
       0
       0
       1
       0
       1
       0
       0
       0
       0
       0
       1
       0
       0
       0
       0
       0
       1
       0
       2
       0
       0
       0
       0
       0
       1
       1
       0
       0
       0
       0
       1
       0
       0
       0
       1
       1
       0
       0
       0
       0
       1
       0
       0
       0
       0
       0
       1
       0
       1
       0
       0
       0
       0
       0
       0
       0
       0
       1
       0
       0
       0
       0
       0
       0
       0
       0
       1
       0
       1
       0
       0
       0
       0
       0
       1
       0
       0
       0
       0
       0
       0
       0
       0
       0
       0
       0
       0
       0
       0
       1
       0
       1
       0
       0
       0
       0
       0
       0
       0
       0
       0
       0
       0
       0
       0
       0
       0
       0
       1
       0
       1
       0
       0
       0
       0
       0
       0
       0
       0
       0
       0
       0
       0
       0
       0
       0
       0
       0
       0
       0
       0
       0
       0
       0
       0
       0
       0
       0
       0
       0
       0
       0
       0
       0
       0
       0
       0
       0
       0
       0
       0
       0
       0
       1
       0
       0
       0
       0
       0
       0
       0
       0
       0
       0
       0
       0
       1
       0
       0
       0
       0
       0
       1
       0
       1
       0
       0
       0
       0
       0
       0
       0
       0
       1
       0
       0
       0
       0
       0
       0
       0
       0
       0
       0
       0
       0
       1
       1
       0
       0
       1
       0
       0
       0
       0
       0
       0
       0
       1
       0
       0
       0
       1
       0
       1
       0
       0
       0
       0
       0
       0
       0
       0
       0
       0
       0
       0
       1
       0
       1
       1
       0
       0
       0
       0
       0
       0
       0
       0
       0
       0
       0
       0
       0
       0
       0
       0
       0
       0
       1
       0
       0
       0
       0
       0
       0
       0
       0
       0
       1
       0
       0
       0
       0
       0
       0
       0
       0
       1
       0
       0
       0
       0
       0
       0
       0
       0
       0
       0
       0
       0
       0
       0
       0
       0
       0
       0
       0
       0
       0
       0
       0
       0
       0
       0
       0
       0
       0
       0
       0
       0
       0
       0
       0
       0
       0
       0
       0
       0
       0
       0
       0
       0
       0
       0
       0
       0
       0
       0
       0
       0
       0
       0
       0
       0
       0
       0
       0
       0
       0
       0
       0
       0
       0
       0
       0
       0
       0
       0
       0
       0
       0
       0
       0
       0
       0
       0
       0
       0
       0
       0
       0
       0
       0
       0
       0
       0
       0
       0
       0
       0
       0
       0
       0
       0
       0
       0
       0
       0
       0
       0
       0
       0
$ROI:
1
397 510
$PRESETS:
Live Time
240
0
$ENER_FIT:
0.000000 0.000000
$MCA_CAL:
3
0.000000E+000 0.000000E+000 0.000000E+000 
$SHAPE_CAL:
3
0.000000E+000 0.000000E+000 0.000000E+000
