$SPEC_ID:
No sample description was entered.
$SPEC_REM:
DET# 3
DETDESC# WD011-05 Easy-MCA-8k SN 13260149
AP# Maestro Version 7.01
$DATE_MEA:
04/10/2017 11:11:58
$MEAS_TIM:
240 240
$DATA:
0 1023
       0
       0
       0
       0
       0
       0
       0
       0
       0
       1
       2
     550
     321
     314
     339
     407
     439
     473
     489
     455
     400
     357
     348
     274
     267
     252
     225
     202
     203
     176
     184
     209
     199
     192
     208
     193
     194
     207
     211
     213
     204
     215
     196
     217
     193
     215
     199
     217
     235
     230
     213
     187
     214
     198
     230
     203
     235
     214
     193
     235
     217
     215
     226
     224
     237
     229
     217
     232
     235
     219
     232
     227
     259
     220
     218
     207
     253
     206
     238
     210
     213
     214
     225
     223
     208
     201
     215
     176
     217
     220
     216
     207
     206
     186
     197
     227
     207
     227
     217
     247
     241
     239
     254
     270
     271
     262
     296
     290
     244
     290
     265
     270
     280
     253
     254
     219
     218
     196
     207
     233
     200
     195
     184
     184
     191
     166
     178
     165
     176
     164
     168
     166
     159
     160
     166
     146
     170
     149
     169
     176
     165
     156
     158
     143
     148
     153
     149
     133
     132
     128
     128
     161
     125
     134
     116
     142
     120
     126
     137
     128
     124
     143
     133
     148
     115
     125
     121
     128
     116
     127
     116
     109
     137
     103
     112
     110
     114
     112
     105
      99
      90
     103
      98
     113
      89
     112
     121
     109
     102
      73
      88
     101
     104
     124
     101
      90
      82
      79
     101
      93
     111
      96
     113
      78
      92
      86
     101
      70
     112
      91
     116
      75
      79
      84
     105
      84
      85
      90
      86
      90
      90
     100
      91
      80
      88
      91
     107
      98
     102
      94
      92
     107
     101
      96
      98
      91
      84
      89
      77
     106
     101
     103
     102
      91
     108
     106
      98
      95
     105
     111
     112
      95
      99
     101
     101
     114
     102
      99
     108
      78
     105
      92
     103
     116
      97
     114
      99
     102
     116
     112
     116
     107
     119
     103
     118
     100
     109
     107
     106
     113
     103
     114
     118
     116
     109
     120
     102
     113
     101
      96
      99
     110
     101
      98
      82
      81
      84
      99
      88
      77
     102
      86
      82
      73
      62
      67
      66
      59
      59
      51
      50
      50
      45
      54
      42
      44
      41
      40
      39
      33
      35
      37
      38
      33
      31
      36
      20
      30
      41
      30
      31
      21
      18
      16
      18
      15
      16
      12
      12
      15
      10
      19
      10
      11
      23
      23
       9
      24
      15
      13
      14
      13
      12
      12
      14
      16
      13
      10
      12
      17
       9
       9
       7
      14
      12
       3
       7
       5
       8
      11
      10
      12
       7
       9
       8
      12
       9
      10
       7
       7
       4
       2
       7
       8
       9
       9
       7
       6
       9
      14
      12
      12
       9
      10
       9
      13
      10
      12
      11
      10
       9
      10
      12
      11
      16
      13
      16
      19
      20
      15
      30
      13
      22
      25
      30
      30
      39
      35
      30
      48
      47
      48
      65
      54
      61
      68
      67
      65
      81
      79
      94
     102
     119
     114
     120
     140
     134
     137
     110
     143
     143
     153
     161
     133
     141
     181
     171
     158
     146
     152
     156
     138
     131
     181
     119
     125
     135
     106
     135
     128
     108
     108
     109
      78
      95
      91
      69
      66
      51
      48
      51
      48
      37
      34
      27
      21
      25
      26
      18
      18
      10
      11
      16
       8
      10
       6
       6
       1
       2
       4
       2
       7
       1
       2
       0
       1
       0
       0
       0
       0
       0
       0
       0
       1
       0
       0
       0
       0
       0
       0
       0
       0
       0
       1
       0
       0
       0
       0
       0
       1
       0
       1
       0
       0
       0
       1
       0
       0
       0
       0
       0
       0
       0
       0
       0
       0
       0
       0
       0
       0
       0
       0
       1
       2
       0
       0
       0
       0
       0
       0
       0
       0
       0
       0
       0
       0
       0
       0
       0
       0
       0
       0
       1
       0
       0
       0
       0
       0
       0
       0
       0
       0
       1
       1
       0
       1
       0
       0
       1
       0
       0
       0
       0
       0
       0
       0
       0
       0
       0
       1
       0
       0
       0
       1
       1
       0
       1
       0
       0
       0
       0
       0
       0
       0
       0
       0
       0
       0
       0
       0
       0
       0
       0
       0
       0
       0
       0
       0
       0
       0
       0
       0
       0
       0
       0
       0
       0
       0
       0
       0
       0
       0
       0
       0
       1
       0
       0
       0
       0
       0
       0
       0
       0
       0
       0
       0
       0
       0
       1
       0
       0
       0
       0
       0
       0
       0
       0
       0
       0
       1
       1
       0
       0
       0
       0
       0
       0
       0
       0
       0
       0
       0
       0
       0
       0
       0
       0
       0
       0
       0
       0
       1
       0
       0
       0
       0
       0
       0
       0
       0
       0
       0
       0
       0
       0
       0
       0
       0
       0
       0
       0
       0
       0
       0
       0
       0
       0
       0
       0
       0
       0
       0
       0
       0
       0
       1
       0
       0
       1
       0
       0
       0
       0
       0
       0
       0
       0
       0
       0
       0
       0
       0
       0
       0
       0
       0
       0
       1
       0
       0
       0
       0
       0
       0
       0
       0
       0
       0
       0
       0
       0
       0
       0
       1
       0
       0
       0
       0
       0
       1
       0
       0
       0
       0
       0
       0
       0
       0
       0
       1
       0
       0
       0
       0
       0
       1
       0
       0
       0
       1
       0
       0
       0
       0
       0
       1
       0
       0
       0
       0
       0
       1
       0
       0
       0
       1
       0
       0
       0
       0
       0
       0
       0
       0
       0
       0
       0
       0
       0
       0
       0
       1
       0
       0
       0
       0
       0
       0
       0
       1
       0
       0
       1
       0
       0
       0
       0
       0
       0
       0
       0
       0
       0
       0
       0
       0
       0
       0
       0
       0
       0
       0
       0
       0
       0
       0
       0
       0
       0
       0
       0
       0
       0
       0
       0
       0
       0
       0
       0
       0
       0
       0
       0
       0
       0
       0
       0
       0
       0
       1
       0
       0
       0
       1
       0
       0
       0
       0
       0
       0
       0
       0
       0
       0
       0
       0
       0
       0
       0
       0
       0
       0
       0
       1
       0
       0
       0
       0
       0
       0
       0
       0
       1
       0
       0
       0
       0
       0
       0
       0
       0
       0
       0
       0
       0
       0
       0
       0
       0
       0
       0
       0
       0
       0
       0
       0
       0
       0
       0
       0
       0
       0
       0
       0
       0
       0
       0
       0
       0
       0
       0
       0
       0
       0
       0
       0
       0
       0
       0
       0
       0
       0
       0
       0
       0
       0
       0
       0
       0
       0
       0
       0
       0
       0
       0
       0
       0
       0
       0
       0
       0
       0
       0
       0
       0
       0
       0
       0
       0
       0
       0
       0
       0
       0
       1
       0
       0
       0
       0
       0
       0
       0
       0
       0
       0
       0
       0
       1
       0
       0
       0
       0
       0
       0
       0
       0
       0
       0
       0
       0
       0
       0
       0
       0
       0
       0
       0
       0
       0
       0
       0
       0
       0
       0
$ROI:
1
397 510
$PRESETS:
Live Time
240
0
$ENER_FIT:
0.000000 0.000000
$MCA_CAL:
3
0.000000E+000 0.000000E+000 0.000000E+000 
$SHAPE_CAL:
3
0.000000E+000 0.000000E+000 0.000000E+000
