$SPEC_ID:
No sample description was entered.
$SPEC_REM:
DET# 17
DETDESC# WD011-05 Easy-MCA-8k SN 13260149
AP# Maestro Version 7.01
$DATE_MEA:
04/25/2017 12:58:50
$MEAS_TIM:
240 240
$DATA:
0 1023
       0
       0
       0
       0
       0
       0
       0
       0
       0
       0
       0
       5
    1105
     585
     518
     601
     652
     692
     764
     696
     583
     525
     451
     367
     304
     265
     270
     243
     239
     230
     239
     203
     216
     226
     221
     184
     205
     239
     227
     222
     237
     225
     209
     226
     236
     229
     245
     197
     222
     227
     240
     227
     224
     234
     237
     228
     221
     253
     223
     229
     242
     228
     223
     235
     250
     260
     271
     235
     232
     244
     245
     232
     253
     234
     223
     227
     259
     210
     232
     253
     261
     232
     257
     235
     220
     240
     232
     240
     218
     253
     233
     207
     227
     239
     219
     238
     218
     231
     228
     244
     289
     278
     297
     287
     299
     290
     306
     295
     327
     277
     292
     264
     261
     267
     278
     239
     230
     253
     232
     210
     201
     230
     208
     211
     213
     175
     191
     184
     179
     173
     159
     184
     179
     177
     166
     166
     176
     162
     167
     176
     160
     151
     160
     154
     168
     153
     154
     143
     141
     154
     152
     149
     136
     156
     154
     131
     159
     107
     142
     132
     136
     108
     141
     137
     117
     111
     139
     122
     145
     121
     141
     116
     107
     112
     117
     125
      98
     123
     126
      84
     124
     119
     109
     105
     138
     103
     114
     124
     116
     100
     103
     111
     107
     103
     103
     100
      92
     103
     109
     106
      91
      99
     111
      98
      95
      99
     125
     125
     106
     126
     101
      92
      98
      93
      93
      90
      99
     130
     111
     101
     114
     102
     104
     109
      99
     115
     116
     105
      97
     113
      89
      99
     112
     108
      96
     102
     118
     126
      99
     122
     117
     122
      98
     110
     109
     120
     110
      88
     104
     114
      98
     130
     113
     113
     118
     111
     110
     116
     114
     128
     100
     115
     131
     129
     117
      98
     121
      98
     118
     116
     108
     136
     110
     109
     109
     120
     122
     117
     109
     117
     102
     118
     121
     121
     103
     133
      87
     118
      87
     108
     108
     113
     105
      95
      83
      83
     109
      94
      90
      81
      77
      85
      71
      69
      69
      68
      74
      55
      41
      54
      57
      71
      40
      46
      41
      46
      36
      40
      41
      32
      39
      38
      33
      25
      24
      30
      21
      26
      19
      26
      25
      26
      16
      23
      18
      17
      19
      16
      22
      15
      17
      17
      25
      16
      22
      11
      16
      15
      17
      14
      17
       9
       8
      12
      12
      13
      15
      14
      13
      17
       7
       9
      13
      10
       9
      12
       6
      10
       5
       9
      12
       9
      10
      19
       5
       4
       8
      13
      10
       4
      13
       9
      13
       6
      10
       8
      13
      12
       8
      11
       6
       8
      18
      18
      13
      12
       8
      10
      13
      15
      22
      20
      17
      11
      24
      21
      20
      17
      27
      24
      28
      24
      47
      32
      35
      46
      40
      51
      47
      61
      72
      68
      79
      74
      82
      79
      95
      88
     117
     127
     122
     126
     117
     126
     149
     153
     164
     163
     153
     179
     169
     196
     184
     171
     189
     182
     183
     184
     188
     177
     153
     154
     141
     149
     159
     141
     101
     122
      97
      92
      80
      77
      80
      72
      50
      75
      54
      48
      38
      36
      28
      28
      18
      14
      17
      11
      12
      14
       8
       7
       5
       3
       2
       6
       1
       3
       3
       0
       1
       0
       0
       2
       0
       0
       0
       1
       0
       0
       0
       0
       0
       1
       0
       0
       0
       0
       0
       0
       0
       0
       0
       2
       0
       1
       0
       0
       1
       0
       0
       0
       1
       0
       0
       0
       1
       0
       0
       0
       0
       0
       1
       0
       0
       0
       1
       2
       0
       0
       0
       0
       0
       0
       0
       1
       0
       0
       0
       0
       0
       0
       0
       0
       0
       3
       0
       0
       0
       0
       0
       0
       0
       1
       0
       0
       0
       0
       0
       1
       0
       0
       0
       0
       0
       0
       0
       0
       0
       0
       0
       0
       0
       0
       0
       0
       0
       0
       0
       0
       0
       0
       0
       0
       0
       0
       0
       0
       1
       0
       0
       0
       0
       0
       1
       0
       1
       1
       0
       0
       0
       0
       0
       0
       2
       1
       0
       0
       0
       0
       0
       1
       0
       0
       0
       0
       0
       0
       0
       0
       0
       0
       0
       1
       0
       0
       0
       0
       0
       0
       0
       0
       0
       0
       0
       0
       0
       0
       0
       0
       0
       0
       0
       0
       0
       0
       0
       0
       1
       1
       0
       0
       0
       1
       0
       0
       0
       0
       0
       0
       0
       0
       0
       0
       0
       0
       0
       0
       0
       0
       0
       0
       0
       0
       0
       0
       1
       0
       0
       0
       0
       0
       0
       0
       0
       0
       0
       0
       0
       0
       0
       0
       0
       0
       0
       0
       0
       0
       0
       1
       0
       0
       0
       0
       0
       0
       1
       0
       0
       0
       0
       0
       0
       1
       0
       0
       0
       1
       0
       0
       0
       0
       0
       0
       0
       1
       1
       0
       0
       0
       0
       0
       0
       0
       0
       0
       1
       0
       0
       0
       0
       0
       0
       0
       0
       0
       1
       0
       0
       0
       0
       0
       0
       0
       0
       0
       0
       0
       0
       0
       0
       0
       0
       0
       0
       0
       0
       0
       0
       0
       0
       0
       1
       0
       1
       1
       0
       0
       0
       0
       0
       0
       1
       0
       0
       1
       0
       0
       0
       1
       0
       2
       0
       0
       0
       1
       0
       0
       0
       0
       0
       0
       0
       1
       0
       0
       0
       0
       0
       0
       0
       0
       0
       0
       0
       0
       0
       0
       0
       0
       2
       0
       0
       0
       0
       0
       1
       0
       0
       0
       1
       0
       0
       0
       0
       0
       0
       0
       0
       1
       0
       0
       0
       0
       0
       0
       0
       0
       0
       0
       0
       0
       0
       0
       0
       0
       0
       0
       0
       0
       0
       0
       0
       0
       0
       0
       0
       0
       0
       0
       0
       0
       0
       0
       0
       0
       0
       0
       0
       0
       0
       1
       0
       0
       0
       0
       0
       0
       0
       0
       0
       0
       0
       0
       0
       1
       0
       0
       0
       0
       0
       0
       0
       2
       0
       0
       0
       0
       0
       0
       0
       0
       0
       0
       0
       0
       0
       0
       0
       0
       0
       0
       0
       0
       0
       1
       0
       0
       0
       0
       0
       0
       0
       0
       0
       0
       0
       0
       0
       0
       0
       0
       0
       0
       0
       0
       0
       0
       0
       0
       0
       0
       0
       0
       0
       0
       0
       0
       0
       0
       0
       0
       0
       0
       0
       0
       0
       0
       0
       0
       0
       0
       0
       0
       0
       0
       0
       0
       0
       0
       0
       0
       0
       0
       0
       0
       0
       0
       0
       0
       0
       0
       0
       0
       0
       0
       0
       0
       0
       0
       0
       0
       0
       0
       0
       0
       0
       0
       0
       0
       0
       0
       0
       0
       0
       0
$ROI:
2
379 500
803 817
$PRESETS:
Live Time
240
0
$ENER_FIT:
0.000000 0.000000
$MCA_CAL:
3
0.000000E+000 0.000000E+000 0.000000E+000 
$SHAPE_CAL:
3
0.000000E+000 0.000000E+000 0.000000E+000
