$SPEC_ID:
No sample description was entered.
$SPEC_REM:
DET# 17
DETDESC# WD011-05 Easy-MCA-8k SN 13260149
AP# Maestro Version 7.01
$DATE_MEA:
04/25/2017 13:05:04
$MEAS_TIM:
240 240
$DATA:
0 1023
       0
       0
       0
       0
       0
       0
       0
       1
       0
       1
       0
      12
    1066
     566
     483
     582
     597
     695
     671
     713
     617
     527
     469
     402
     358
     324
     281
     229
     232
     254
     226
     240
     221
     246
     238
     234
     238
     268
     263
     244
     236
     267
     261
     251
     233
     249
     247
     242
     250
     255
     207
     241
     257
     242
     232
     242
     219
     247
     271
     227
     241
     244
     260
     288
     244
     244
     261
     263
     237
     262
     257
     273
     262
     244
     280
     257
     229
     253
     263
     250
     241
     243
     248
     231
     239
     242
     252
     221
     218
     236
     254
     233
     230
     243
     263
     245
     245
     237
     244
     269
     259
     288
     310
     266
     285
     282
     316
     301
     311
     309
     300
     266
     300
     275
     292
     278
     247
     248
     236
     216
     226
     218
     223
     229
     228
     217
     203
     183
     227
     203
     227
     224
     197
     213
     196
     190
     206
     186
     196
     202
     202
     168
     194
     162
     173
     184
     162
     161
     150
     165
     150
     151
     169
     168
     152
     153
     148
     163
     152
     154
     160
     141
     144
     133
     146
     149
     125
     132
     152
     135
     133
     138
     132
     117
     133
     126
     119
     131
     119
     129
      96
     127
     113
     134
     120
     117
     128
     105
     101
     119
     118
     121
     109
     114
     108
     118
      89
      95
     118
     107
     109
     118
     117
     113
     109
     120
      90
     104
     102
      99
     110
     106
     101
     114
     105
     122
      96
     113
     142
      97
     128
     121
     104
     105
     122
      84
     120
     117
      96
     115
     114
     109
     115
      89
     101
     108
     114
     114
     117
     137
      97
     120
     109
     133
     112
     104
     113
      92
     117
     122
     103
     113
     113
     121
      92
     138
     125
     115
     120
     120
     127
     143
     119
     102
     119
     121
     114
     124
     150
     121
     136
     129
     118
     126
     125
     117
     128
     119
     127
     121
     138
     124
     118
     121
     124
     130
     141
     124
     112
     123
     106
     111
     114
     121
      99
     120
     118
      95
     127
     103
      97
     108
      97
      90
      93
      97
      77
      89
      80
      79
      69
      77
      70
      57
      61
      45
      51
      59
      42
      53
      54
      46
      39
      32
      33
      32
      37
      35
      33
      34
      35
      32
      34
      21
      24
      24
      21
      15
      26
      21
      25
      18
      19
      19
      23
      21
      25
      17
      21
      14
      16
      23
      18
      20
      11
      13
      17
      20
       9
      11
      14
      15
      15
      10
       9
      16
      19
      16
      10
       8
       7
      12
      10
      11
       7
       7
      14
      14
       7
       6
       8
       7
       6
       7
       8
      10
       8
       9
      10
       8
       8
      14
      11
       5
      16
       9
      11
      11
       9
      12
      10
       9
      16
      10
      11
      11
       8
      22
      21
      20
      12
      23
      23
      25
      20
      29
      36
      22
      27
      42
      34
      63
      49
      35
      44
      67
      56
      67
      59
      91
      91
      98
      83
      86
     105
     119
     119
     119
     145
     179
     182
     151
     174
     178
     165
     191
     192
     179
     216
     215
     198
     208
     194
     199
     202
     199
     184
     193
     196
     168
     142
     142
     150
     121
     105
     114
      89
      86
      86
      83
      69
      78
      61
      46
      49
      41
      46
      30
      35
      27
      20
      20
      11
      16
      12
       6
       7
       9
       6
       3
       8
       5
       2
       1
       4
       6
       1
       1
       1
       1
       0
       1
       0
       0
       0
       0
       0
       0
       0
       0
       0
       0
       0
       0
       0
       0
       0
       0
       0
       0
       0
       0
       0
       0
       0
       0
       1
       0
       2
       0
       0
       0
       0
       0
       0
       0
       0
       0
       0
       0
       0
       0
       0
       0
       0
       0
       0
       0
       0
       0
       0
       1
       0
       0
       0
       0
       0
       1
       0
       0
       0
       1
       2
       0
       0
       0
       0
       0
       0
       0
       0
       0
       0
       0
       0
       0
       0
       0
       0
       0
       0
       0
       0
       0
       0
       0
       0
       0
       0
       0
       0
       0
       0
       0
       0
       0
       0
       0
       0
       0
       1
       0
       0
       0
       0
       1
       0
       0
       1
       0
       0
       0
       0
       1
       0
       1
       0
       1
       0
       0
       0
       0
       1
       0
       0
       0
       1
       0
       0
       0
       0
       0
       0
       0
       0
       0
       0
       0
       1
       0
       0
       0
       0
       0
       0
       0
       0
       0
       0
       0
       1
       0
       0
       0
       0
       0
       0
       0
       0
       0
       0
       0
       0
       0
       0
       0
       1
       0
       0
       1
       0
       0
       0
       0
       0
       0
       1
       0
       0
       0
       0
       0
       0
       0
       0
       1
       0
       0
       0
       0
       0
       0
       0
       0
       0
       0
       0
       0
       0
       0
       0
       0
       1
       0
       0
       0
       0
       0
       0
       0
       0
       0
       0
       0
       1
       0
       0
       0
       0
       0
       0
       0
       0
       0
       0
       0
       0
       0
       0
       0
       0
       0
       1
       0
       0
       0
       0
       0
       0
       0
       0
       0
       0
       0
       0
       0
       0
       0
       0
       1
       0
       0
       0
       0
       0
       0
       0
       0
       0
       0
       0
       0
       0
       0
       1
       1
       1
       0
       0
       0
       0
       0
       0
       0
       0
       0
       0
       0
       0
       0
       0
       0
       0
       0
       0
       0
       0
       0
       0
       0
       0
       1
       0
       0
       0
       1
       0
       0
       0
       0
       0
       0
       0
       0
       0
       0
       0
       0
       0
       0
       0
       0
       0
       0
       0
       0
       1
       0
       0
       0
       0
       0
       0
       0
       0
       0
       0
       0
       0
       0
       0
       0
       0
       0
       0
       0
       1
       0
       0
       0
       0
       0
       0
       0
       0
       0
       0
       0
       0
       0
       0
       0
       1
       0
       0
       0
       1
       0
       0
       0
       0
       0
       0
       0
       0
       0
       0
       0
       0
       0
       0
       0
       0
       0
       0
       0
       0
       0
       0
       0
       0
       0
       0
       0
       0
       0
       0
       0
       0
       0
       0
       0
       0
       0
       1
       0
       0
       0
       0
       0
       0
       0
       0
       0
       0
       1
       0
       0
       0
       0
       0
       0
       0
       0
       0
       0
       0
       0
       0
       0
       0
       0
       0
       0
       0
       0
       0
       0
       0
       0
       0
       0
       0
       0
       0
       0
       0
       0
       0
       0
       0
       0
       0
       0
       0
       0
       0
       0
       0
       0
       0
       0
       0
       0
       0
       0
       0
       0
       0
       0
       0
       0
       0
       0
       0
       0
       0
       0
       0
       0
       0
       0
       0
       0
       0
       0
       0
       0
       0
       0
       0
       0
       0
       0
       0
       0
       0
       0
       0
       0
       0
       0
       0
       0
       0
       0
       0
       0
       0
       0
       0
       0
       0
       0
       0
       0
       0
       0
       0
       0
       0
       0
       0
       0
       0
       0
       0
       0
       0
       0
       0
       0
       0
       0
$ROI:
2
379 500
803 817
$PRESETS:
Live Time
240
0
$ENER_FIT:
0.000000 0.000000
$MCA_CAL:
3
0.000000E+000 0.000000E+000 0.000000E+000 
$SHAPE_CAL:
3
0.000000E+000 0.000000E+000 0.000000E+000
