$SPEC_ID:
No sample description was entered.
$SPEC_REM:
DET# 17
DETDESC# WD011-05 Easy-MCA-8k SN 13260149
AP# Maestro Version 7.01
$DATE_MEA:
04/25/2017 13:13:16
$MEAS_TIM:
240 240
$DATA:
0 1023
       0
       0
       0
       0
       0
       0
       0
       0
       0
       0
       0
      14
    1125
     551
     530
     556
     645
     580
     670
     601
     588
     559
     471
     433
     361
     249
     271
     256
     233
     229
     259
     252
     256
     221
     243
     242
     240
     250
     258
     232
     233
     238
     259
     231
     231
     233
     244
     235
     236
     253
     220
     249
     236
     245
     255
     235
     239
     214
     271
     251
     224
     263
     290
     270
     266
     249
     264
     270
     255
     256
     248
     265
     266
     266
     254
     239
     264
     287
     263
     255
     263
     253
     227
     257
     266
     278
     241
     201
     256
     243
     267
     246
     256
     255
     239
     247
     259
     264
     264
     275
     286
     311
     284
     276
     316
     267
     298
     323
     315
     308
     288
     308
     325
     281
     295
     254
     275
     247
     237
     245
     223
     231
     229
     212
     244
     225
     213
     242
     220
     193
     185
     207
     202
     193
     204
     197
     181
     184
     192
     175
     184
     200
     208
     178
     179
     157
     187
     167
     176
     165
     170
     176
     184
     154
     164
     129
     163
     153
     145
     166
     162
     178
     143
     134
     133
     127
     144
     143
     154
     147
     149
     138
     120
     146
     122
     140
     123
     123
     132
     138
     117
     133
      99
      99
     125
     127
     113
     116
     114
     135
     124
     124
     109
     123
     116
     106
     108
     110
     117
      97
     132
      99
     116
     111
     133
     116
     137
     127
     105
     107
     126
     101
     126
     106
     109
     118
     119
     107
     127
      88
     112
     129
     114
     122
     118
     121
     104
     108
     113
     108
     121
     106
     105
      97
     107
     101
      96
     115
     128
     117
     128
     108
     101
     117
     120
     110
     103
     110
      97
     115
     131
     121
     112
     113
     134
     133
     118
     119
     117
     108
     128
     113
     118
     115
     119
     128
     141
     121
     114
     127
     133
     115
     138
     118
     115
     117
     135
     116
     128
     113
     124
     139
     120
     138
     129
     122
     133
     108
     123
     137
     115
     113
     122
     118
     135
     119
     104
      97
     107
     107
      92
      91
      89
      83
      93
      68
      85
      84
      80
      75
      72
      63
      49
      58
      51
      55
      45
      52
      42
      43
      60
      41
      34
      38
      33
      37
      32
      32
      22
      26
      37
      27
      28
      35
      26
      28
      23
      23
      23
      26
      21
      25
      18
      15
      16
      22
      18
      14
      10
      18
      10
      11
      16
      12
      14
      15
      12
      15
       9
      21
      16
      14
      12
      15
       7
      13
      10
      20
       8
      12
      12
      13
      11
       7
       8
       7
       8
       9
      10
      11
      10
      12
      14
      10
      12
       9
       4
       6
       5
       7
      12
       9
      16
      14
       8
      16
       7
      12
       7
       7
      14
      13
      14
      14
      10
      10
      12
      11
      18
      23
      21
      19
      26
      29
      32
      36
      21
      36
      36
      34
      36
      44
      58
      53
      56
      50
      68
      74
      70
      90
      87
     107
     106
     108
     135
     118
     153
     126
     158
     155
     174
     161
     181
     181
     177
     190
     176
     212
     207
     193
     194
     182
     189
     190
     196
     196
     207
     169
     154
     146
     135
     111
     136
     119
     127
     104
      98
      98
      91
      76
      59
      51
      66
      46
      31
      28
      29
      23
      25
      25
      15
      18
      11
      12
      11
       9
       4
       6
       2
       3
       5
       5
       2
       4
       4
       1
       1
       0
       0
       0
       0
       1
       1
       0
       0
       0
       0
       0
       0
       0
       1
       1
       1
       0
       0
       0
       0
       0
       2
       0
       0
       1
       0
       0
       0
       0
       0
       0
       0
       0
       0
       1
       0
       0
       0
       0
       0
       1
       2
       0
       0
       0
       0
       0
       0
       0
       0
       0
       0
       0
       1
       0
       0
       1
       1
       0
       0
       0
       0
       0
       0
       0
       0
       0
       0
       0
       0
       0
       0
       0
       0
       1
       0
       0
       0
       0
       0
       1
       0
       0
       0
       0
       0
       0
       0
       0
       0
       0
       0
       0
       1
       0
       0
       0
       2
       0
       0
       0
       0
       0
       1
       0
       0
       0
       0
       0
       0
       0
       1
       0
       0
       0
       1
       0
       0
       0
       0
       0
       0
       0
       0
       0
       0
       0
       0
       0
       0
       0
       0
       0
       0
       0
       0
       0
       0
       0
       0
       0
       0
       0
       0
       0
       0
       0
       0
       0
       0
       0
       0
       0
       0
       0
       0
       0
       0
       0
       0
       0
       0
       0
       0
       0
       1
       1
       0
       0
       0
       0
       0
       0
       0
       0
       0
       0
       0
       0
       0
       0
       0
       1
       0
       0
       0
       0
       0
       0
       0
       0
       1
       0
       0
       1
       0
       0
       0
       0
       0
       0
       0
       0
       0
       0
       0
       0
       0
       0
       0
       0
       0
       0
       0
       1
       0
       1
       1
       0
       0
       0
       0
       0
       0
       0
       0
       0
       0
       0
       0
       0
       0
       0
       0
       0
       0
       0
       0
       0
       0
       0
       0
       0
       1
       0
       0
       0
       0
       0
       0
       0
       0
       0
       0
       0
       0
       0
       0
       0
       1
       0
       0
       0
       0
       0
       0
       1
       0
       0
       0
       0
       0
       0
       0
       0
       0
       0
       0
       1
       1
       0
       0
       0
       0
       0
       0
       0
       0
       0
       1
       1
       0
       0
       0
       0
       1
       0
       0
       0
       0
       0
       0
       0
       0
       0
       0
       0
       0
       0
       0
       0
       0
       0
       0
       0
       0
       0
       0
       0
       2
       0
       0
       0
       0
       0
       0
       0
       1
       0
       1
       0
       0
       1
       0
       0
       0
       0
       0
       0
       0
       0
       0
       0
       0
       0
       0
       0
       0
       0
       1
       0
       0
       0
       0
       0
       0
       0
       0
       0
       0
       0
       0
       0
       0
       0
       0
       0
       0
       0
       0
       0
       0
       0
       0
       0
       0
       0
       0
       0
       0
       1
       0
       0
       0
       0
       0
       0
       0
       0
       0
       0
       0
       0
       0
       0
       0
       0
       0
       0
       0
       1
       0
       0
       0
       0
       0
       0
       0
       0
       0
       0
       0
       0
       0
       0
       0
       0
       1
       0
       0
       0
       0
       0
       0
       0
       0
       0
       0
       0
       0
       0
       0
       0
       0
       0
       1
       0
       0
       0
       0
       0
       0
       0
       0
       0
       0
       0
       0
       0
       0
       0
       0
       0
       0
       0
       0
       0
       0
       0
       0
       0
       0
       0
       0
       0
       0
       0
       0
       0
       0
       0
       0
       0
       0
       0
       0
       0
       0
       0
       0
       0
       0
       0
       0
       0
       0
       0
       0
       0
       0
       0
       0
       0
       0
       0
       0
       0
       0
       0
       0
       0
       0
       0
       0
       0
       0
       0
       0
       0
       0
       0
       0
       0
       0
       0
       0
       0
       0
       0
       0
       0
       0
       0
       0
       0
       0
       0
$ROI:
2
379 500
803 817
$PRESETS:
Live Time
240
0
$ENER_FIT:
0.000000 0.000000
$MCA_CAL:
3
0.000000E+000 0.000000E+000 0.000000E+000 
$SHAPE_CAL:
3
0.000000E+000 0.000000E+000 0.000000E+000
