$SPEC_ID:
No sample description was entered.
$SPEC_REM:
DET# 17
DETDESC# WD011-05 Easy-MCA-8k SN 13260149
AP# Maestro Version 7.01
$DATE_MEA:
04/25/2017 12:32:50
$MEAS_TIM:
240 240
$DATA:
0 1023
       0
       0
       0
       0
       0
       0
       0
       0
       0
       0
       0
       8
     915
     357
     315
     326
     333
     356
     390
     396
     387
     349
     322
     277
     244
     244
     210
     195
     192
     218
     192
     212
     199
     209
     181
     194
     187
     168
     193
     221
     180
     220
     176
     189
     178
     190
     176
     187
     182
     197
     204
     197
     186
     168
     180
     211
     200
     190
     213
     219
     199
     179
     180
     186
     207
     195
     205
     225
     190
     221
     220
     207
     216
     210
     194
     207
     197
     214
     241
     215
     227
     198
     189
     174
     184
     215
     214
     200
     220
     188
     204
     191
     168
     193
     213
     179
     198
     212
     199
     179
     217
     213
     230
     217
     209
     270
     253
     246
     225
     265
     255
     236
     253
     248
     248
     224
     198
     222
     243
     209
     198
     192
     160
     185
     186
     179
     188
     174
     164
     170
     154
     152
     159
     158
     157
     158
     145
     139
     146
     171
     124
     132
     143
     140
     129
     116
     144
     133
     122
     128
     132
     112
     134
     118
     123
     118
     124
     138
     107
     118
     117
     113
     103
     119
     108
     120
     125
     110
     104
     102
     100
     104
     104
     107
     102
     102
      94
      96
     115
     118
     102
     117
      93
      91
      97
      86
     104
      98
      84
      92
      92
      93
      97
      81
      97
      88
      95
      73
     104
      95
      89
     101
      90
      91
      92
      82
      79
      68
      78
      73
      94
      87
      91
     107
      84
      91
      96
      93
      92
      85
      94
      95
      86
      86
      89
      86
      90
      82
      92
      87
      92
     101
     101
      80
      84
      97
      82
      90
     107
      77
      84
      83
      79
      89
      91
     104
      87
      70
      90
      77
      80
      86
      95
      79
      95
      85
      96
      74
     105
     100
     107
      93
      93
      86
      84
      79
      85
      99
      79
      90
      99
      85
      73
      88
     110
      91
      84
      89
      99
      92
      87
     107
     100
     104
     109
      93
      85
      96
      83
      88
      95
      83
      92
      95
     100
      75
      87
     121
     105
      81
     105
     101
     102
      87
     100
      87
      78
      92
      82
      86
      92
      67
      88
      72
      74
      71
      67
      71
      63
      63
      72
      48
      62
      59
      53
      59
      33
      48
      35
      38
      32
      40
      42
      32
      33
      25
      30
      32
      15
      19
      23
      14
      36
      27
      16
      15
      21
      25
      22
      19
      20
      17
      23
      12
      19
      30
      12
      17
      10
      14
      12
      10
      11
      16
       9
      11
      13
      11
      11
      12
      11
      11
       7
       6
      13
       5
       7
       9
      10
      16
       6
       8
       8
       9
       7
      10
       7
       9
      11
       5
       5
       8
       4
       9
      10
      10
       6
      11
       7
       9
      10
       5
       7
       8
      11
       9
       9
       8
      11
       4
       6
       6
      11
      10
       7
       8
       7
      17
      10
      15
      10
      14
      19
      17
      13
      20
      15
      14
      17
      19
      24
      27
      31
      34
      31
      31
      32
      37
      42
      46
      48
      66
      65
      53
      62
      83
      78
      69
     104
      91
      92
     115
     120
     124
     128
     131
     137
     149
     145
     136
     147
     135
     150
     159
     137
     148
     159
     159
     147
     146
     142
     154
     118
     131
     147
     109
     116
     103
      81
      80
      97
      94
      69
      73
      58
      61
      43
      51
      32
      33
      35
      24
      27
      13
      15
      22
      13
       6
       6
      15
       8
       6
       3
       9
       5
       7
       2
       2
       0
       1
       0
       1
       0
       1
       1
       0
       1
       0
       1
       1
       1
       1
       1
       1
       0
       0
       1
       0
       0
       1
       1
       0
       0
       1
       0
       0
       0
       0
       0
       0
       0
       0
       0
       1
       0
       0
       0
       0
       0
       0
       0
       0
       0
       0
       0
       1
       0
       0
       0
       0
       0
       0
       0
       0
       1
       0
       0
       0
       0
       0
       0
       0
       0
       0
       1
       0
       0
       0
       0
       0
       1
       0
       0
       0
       0
       1
       0
       0
       0
       0
       0
       0
       0
       0
       2
       0
       1
       0
       0
       1
       0
       0
       1
       1
       0
       1
       0
       0
       0
       0
       0
       0
       0
       1
       0
       0
       0
       0
       0
       1
       0
       0
       0
       0
       0
       0
       0
       0
       0
       1
       0
       0
       0
       0
       0
       0
       0
       1
       0
       0
       0
       0
       0
       0
       0
       0
       0
       0
       0
       0
       0
       0
       0
       0
       0
       0
       0
       0
       0
       0
       0
       0
       0
       0
       0
       0
       0
       1
       0
       0
       1
       0
       0
       0
       0
       0
       0
       0
       0
       2
       1
       0
       0
       0
       1
       0
       1
       0
       0
       0
       0
       1
       1
       0
       0
       1
       0
       2
       0
       0
       0
       0
       0
       0
       1
       0
       0
       0
       0
       0
       0
       0
       1
       0
       0
       0
       1
       0
       0
       1
       0
       0
       0
       0
       0
       1
       0
       0
       1
       0
       0
       0
       0
       0
       0
       0
       0
       0
       0
       0
       0
       0
       0
       0
       0
       1
       0
       0
       0
       1
       0
       0
       0
       0
       0
       0
       0
       0
       0
       0
       0
       0
       0
       0
       0
       0
       0
       0
       0
       0
       0
       1
       0
       0
       0
       0
       0
       0
       1
       0
       0
       0
       0
       0
       0
       0
       0
       0
       0
       1
       0
       0
       1
       0
       0
       0
       0
       0
       1
       0
       0
       0
       0
       0
       0
       0
       0
       0
       0
       0
       0
       0
       0
       0
       0
       0
       0
       0
       0
       0
       0
       0
       0
       0
       0
       0
       0
       0
       0
       0
       0
       0
       0
       0
       0
       0
       0
       0
       0
       0
       0
       0
       0
       0
       0
       0
       0
       0
       0
       0
       0
       0
       0
       1
       0
       0
       0
       0
       0
       1
       0
       0
       0
       0
       1
       0
       0
       0
       0
       0
       0
       0
       0
       0
       0
       0
       0
       0
       0
       0
       0
       0
       0
       0
       0
       0
       0
       0
       0
       0
       0
       0
       0
       0
       0
       0
       0
       0
       0
       1
       0
       0
       0
       0
       0
       0
       0
       0
       0
       0
       0
       0
       0
       0
       0
       1
       0
       0
       0
       1
       0
       1
       0
       0
       0
       0
       0
       0
       0
       0
       0
       0
       0
       0
       0
       0
       0
       0
       0
       0
       0
       0
       0
       0
       0
       0
       1
       0
       0
       0
       0
       0
       0
       0
       0
       0
       0
       0
       0
       0
       0
       0
       0
       0
       0
       0
       0
       0
       0
       0
       0
       0
       0
       0
       0
       0
       0
       0
       0
       0
       0
       0
       0
       0
       0
       0
       0
       0
       0
       0
       0
       0
       0
       0
       0
       0
       0
       0
       0
       0
       0
       0
       0
       0
       0
       0
       0
       0
       0
       0
       0
       0
       0
       0
       0
       0
       0
       0
       0
       0
       0
       0
       0
       0
$ROI:
2
395 521
803 817
$PRESETS:
Live Time
240
0
$ENER_FIT:
0.000000 0.000000
$MCA_CAL:
3
0.000000E+000 0.000000E+000 0.000000E+000 
$SHAPE_CAL:
3
0.000000E+000 0.000000E+000 0.000000E+000
