$SPEC_ID:
No sample description was entered.
$SPEC_REM:
DET# 17
DETDESC# WD011-05 Easy-MCA-8k SN 13260149
AP# Maestro Version 7.01
$DATE_MEA:
04/25/2017 12:38:43
$MEAS_TIM:
240 240
$DATA:
0 1023
       0
       0
       0
       0
       0
       0
       0
       0
       0
       0
       0
      10
    1030
     520
     437
     467
     525
     514
     594
     551
     489
     456
     374
     360
     317
     272
     258
     228
     212
     237
     255
     220
     215
     239
     228
     234
     249
     220
     233
     224
     247
     242
     226
     254
     248
     243
     239
     247
     240
     259
     232
     228
     232
     228
     245
     252
     231
     228
     205
     258
     239
     235
     276
     264
     218
     249
     263
     241
     271
     244
     263
     239
     265
     291
     247
     254
     240
     239
     228
     254
     266
     248
     246
     282
     226
     245
     226
     238
     217
     274
     237
     208
     266
     252
     245
     251
     236
     249
     251
     257
     240
     273
     284
     280
     279
     320
     305
     341
     280
     292
     297
     282
     270
     259
     278
     279
     234
     253
     225
     250
     233
     238
     211
     205
     196
     205
     196
     183
     190
     202
     192
     168
     209
     175
     212
     166
     216
     195
     206
     193
     168
     166
     178
     172
     187
     151
     158
     172
     154
     164
     178
     158
     159
     177
     156
     185
     148
     148
     156
     152
     140
     144
     119
     112
     156
     142
     128
     151
     139
     125
     149
     122
     132
     128
     129
     123
     113
     125
     124
     133
     128
     119
     110
     101
     117
     110
     111
     109
     117
     117
     121
     106
     107
     114
      95
     111
     117
      95
     109
     117
     101
     119
     102
     112
     100
     109
     131
     103
     113
     105
      99
     112
     116
     102
     100
     114
     106
      99
      96
     119
     118
     120
      95
     101
     108
     115
     100
      97
     102
     109
      98
     100
      99
     110
     114
     103
     102
     109
      98
     117
      97
     119
     114
     109
     116
     107
     109
     104
     106
     119
     116
     113
     108
     105
     106
     127
      97
     111
     126
     119
     130
     105
     112
     110
     120
     123
     119
     124
     117
     121
     124
     143
     112
     123
     125
     103
     111
     106
     121
     110
     111
      99
     110
     123
     129
      96
     127
     126
     121
     135
     103
     118
     108
      99
     113
      84
      88
     105
      90
     105
      95
      84
      90
      86
      84
      87
      83
      67
      48
      53
      65
      58
      49
      65
      55
      47
      58
      38
      51
      47
      46
      34
      27
      30
      42
      32
      25
      36
      18
      24
      26
      21
      24
      27
      18
      21
      26
      23
      21
      19
      29
      19
      13
      23
      18
      17
      14
      20
      18
      15
      10
      14
      16
      11
      20
       8
       7
      17
      10
      12
      18
      10
      15
      15
      19
       8
      13
       8
       9
      11
       9
      13
       7
       9
       8
       6
      14
      10
      10
       9
      11
      12
       7
      10
       9
       8
       6
      13
       8
       7
      10
      11
      10
       5
      13
       7
       8
      11
      18
      15
      14
      16
      14
      12
      15
      13
      16
      25
      29
      21
      28
      26
      21
      28
      41
      27
      33
      32
      36
      41
      38
      60
      68
      68
      76
      80
      89
      93
     106
     104
     111
     105
     126
     152
     150
     144
     162
     174
     176
     151
     173
     198
     186
     186
     186
     185
     195
     220
     192
     207
     187
     182
     153
     167
     138
     172
     159
     132
     160
     126
     118
     103
      96
      84
      96
      72
      74
      74
      56
      55
      46
      43
      43
      24
      20
      25
      14
      13
      13
      17
      11
      12
       6
       4
       6
       4
       5
       5
       3
       3
       0
       1
       3
       2
       0
       0
       1
       1
       1
       1
       0
       1
       1
       0
       1
       0
       0
       0
       0
       2
       0
       1
       0
       1
       0
       0
       0
       0
       1
       1
       0
       0
       0
       0
       0
       0
       0
       1
       1
       0
       0
       0
       0
       2
       0
       0
       0
       0
       0
       0
       2
       0
       0
       0
       0
       1
       0
       0
       0
       0
       1
       0
       0
       0
       1
       0
       0
       0
       0
       1
       0
       0
       0
       0
       0
       0
       0
       0
       0
       0
       0
       0
       0
       0
       0
       0
       0
       0
       0
       0
       0
       0
       0
       0
       0
       0
       0
       0
       0
       0
       0
       0
       0
       1
       0
       0
       0
       1
       0
       0
       0
       0
       0
       1
       0
       0
       0
       0
       0
       0
       0
       0
       0
       0
       0
       0
       0
       1
       0
       0
       0
       0
       0
       0
       1
       0
       1
       2
       0
       0
       0
       0
       0
       0
       0
       0
       0
       0
       1
       0
       0
       0
       0
       0
       0
       0
       0
       0
       1
       0
       0
       0
       0
       0
       1
       0
       0
       0
       0
       0
       0
       0
       0
       1
       0
       1
       0
       0
       0
       1
       0
       1
       0
       0
       0
       0
       0
       0
       0
       0
       2
       0
       0
       0
       1
       0
       0
       0
       0
       0
       0
       0
       1
       0
       0
       0
       0
       1
       0
       0
       1
       0
       0
       0
       0
       0
       0
       0
       0
       0
       0
       0
       1
       0
       0
       1
       0
       0
       0
       0
       0
       0
       1
       0
       0
       0
       0
       0
       0
       1
       0
       0
       0
       0
       0
       1
       0
       0
       0
       0
       0
       0
       0
       0
       0
       0
       0
       1
       0
       0
       0
       0
       0
       0
       1
       0
       0
       0
       0
       0
       0
       0
       0
       0
       0
       0
       0
       0
       0
       1
       0
       0
       0
       0
       1
       0
       0
       0
       0
       0
       0
       0
       0
       0
       0
       0
       0
       1
       0
       1
       0
       0
       0
       0
       0
       0
       0
       0
       0
       0
       0
       0
       0
       0
       0
       0
       0
       0
       0
       0
       0
       0
       0
       0
       0
       0
       0
       0
       0
       0
       0
       0
       0
       0
       0
       0
       0
       0
       0
       0
       0
       0
       0
       0
       0
       0
       0
       0
       0
       0
       0
       0
       0
       0
       0
       0
       0
       0
       0
       0
       0
       0
       0
       0
       0
       0
       0
       0
       0
       1
       0
       0
       0
       0
       0
       0
       0
       0
       0
       0
       0
       0
       0
       0
       0
       0
       0
       0
       0
       0
       0
       0
       0
       0
       0
       0
       0
       1
       0
       0
       0
       0
       0
       0
       0
       0
       0
       0
       0
       0
       0
       0
       0
       0
       0
       0
       0
       0
       0
       0
       0
       0
       0
       0
       0
       0
       0
       0
       0
       0
       0
       0
       0
       0
       0
       0
       0
       0
       0
       0
       0
       0
       0
       0
       0
       0
       0
       0
       0
       0
       0
       0
       0
       1
       0
       0
       0
       0
       0
       0
       0
       0
       0
       0
       0
       0
       0
       0
       0
       0
       0
       0
       0
       0
       0
       0
       0
       1
       0
       0
       0
       0
       0
       0
       0
       0
       0
       0
       0
       0
       0
       0
       1
       0
       0
       0
       0
       0
       0
       0
       0
       0
       0
       0
       0
       0
       0
       0
       0
       0
       0
       0
       0
       0
       0
       0
       0
       0
       0
       0
       0
       0
       0
       0
       0
       0
       0
       0
       0
       0
       0
       0
       0
       0
$ROI:
2
379 500
803 817
$PRESETS:
Live Time
240
0
$ENER_FIT:
0.000000 0.000000
$MCA_CAL:
3
0.000000E+000 0.000000E+000 0.000000E+000 
$SHAPE_CAL:
3
0.000000E+000 0.000000E+000 0.000000E+000
