$SPEC_ID:
No sample description was entered.
$SPEC_REM:
DET# 17
DETDESC# WD011-05 Easy-MCA-8k SN 13260149
AP# Maestro Version 7.01
$DATE_MEA:
04/25/2017 13:33:53
$MEAS_TIM:
600 601
$DATA:
0 1023
       0
       0
       0
       0
       0
       0
       0
       0
       0
       0
       0
      24
    1844
     359
      70
      19
      26
      29
      29
      41
      61
      42
      51
      53
      32
      27
      29
      15
      19
      11
      24
      10
      19
      20
      18
      14
      16
      17
      16
      20
      24
      20
      27
      15
      27
      32
      28
      25
      25
      22
      24
      27
      27
      24
      25
      33
      20
      21
      27
      22
      28
      17
      29
      26
      20
      25
      34
      21
      40
      18
      20
      18
      17
      19
      23
      21
      39
      18
      21
      27
      22
      18
      22
      19
      18
      13
      17
      22
      21
      17
      14
      19
      20
      18
      12
      13
      14
      12
      19
      16
      14
      13
      12
      10
      17
      19
       7
      10
       8
      14
      13
      14
      14
      10
      11
      19
       4
      12
       8
       7
       8
       3
       6
       5
       6
       6
       8
       1
       3
       5
       9
       5
       9
       4
       6
       7
       8
       4
       5
       5
       7
       1
       4
       2
       4
       7
       5
       4
       3
       2
       6
       3
       8
       5
       2
       4
       2
       5
       3
       1
       1
       4
       1
       7
       3
       1
       5
       0
       6
       1
       2
       1
       3
       4
       1
       1
       3
       3
       1
       1
       2
       1
       3
       1
       2
       2
       2
       4
       2
       5
       0
       1
       2
       0
       1
       2
       3
       2
       2
       0
       3
       0
       1
       3
       2
       0
       1
       2
       3
       2
       4
       2
       0
       1
       0
       1
       0
       2
       1
       2
       3
       1
       0
       1
       1
       1
       1
       0
       1
       2
       1
       0
       0
       1
       3
       1
       0
       1
       2
       3
       0
       1
       2
       1
       1
       1
       1
       2
       2
       2
       0
       0
       1
       2
       2
       1
       0
       1
       2
       0
       0
       0
       1
       0
       1
       1
       0
       2
       1
       1
       3
       1
       0
       0
       2
       2
       1
       2
       1
       2
       0
       2
       0
       2
       1
       0
       1
       1
       2
       1
       0
       0
       0
       0
       1
       1
       1
       0
       1
       2
       1
       1
       0
       0
       0
       2
       1
       1
       1
       1
       0
       1
       1
       1
       0
       1
       2
       0
       0
       2
       0
       1
       0
       2
       1
       0
       0
       0
       0
       1
       0
       0
       1
       0
       1
       2
       2
       1
       1
       2
       0
       0
       1
       1
       0
       1
       2
       0
       1
       0
       0
       0
       0
       0
       1
       0
       0
       1
       1
       1
       0
       0
       1
       2
       1
       0
       0
       0
       0
       1
       0
       1
       0
       0
       1
       0
       1
       1
       0
       0
       1
       1
       0
       2
       0
       1
       1
       2
       2
       1
       0
       1
       0
       0
       0
       0
       1
       1
       1
       1
       1
       0
       0
       1
       0
       0
       0
       1
       0
       1
       1
       1
       1
       0
       0
       2
       0
       0
       0
       1
       1
       1
       0
       0
       0
       0
       1
       0
       0
       0
       0
       1
       0
       0
       0
       0
       1
       0
       0
       0
       0
       1
       0
       0
       2
       0
       1
       1
       0
       2
       0
       1
       0
       0
       1
       0
       0
       1
       0
       1
       1
       1
       0
       0
       1
       1
       1
       0
       0
       2
       0
       0
       0
       1
       1
       1
       1
       0
       0
       0
       2
       0
       2
       0
       0
       0
       0
       0
       1
       0
       1
       0
       1
       1
       1
       0
       0
       0
       0
       1
       0
       1
       1
       0
       0
       0
       2
       0
       0
       0
       0
       0
       0
       0
       0
       0
       1
       0
       0
       0
       0
       0
       2
       0
       0
       1
       0
       2
       1
       1
       0
       0
       0
       1
       1
       1
       0
       0
       1
       1
       0
       0
       0
       0
       0
       1
       1
       0
       1
       1
       0
       1
       0
       0
       0
       0
       0
       1
       1
       1
       1
       0
       2
       0
       0
       1
       0
       0
       0
       0
       1
       2
       0
       0
       0
       1
       0
       0
       0
       0
       0
       2
       0
       0
       1
       0
       0
       0
       0
       1
       0
       0
       0
       0
       1
       1
       0
       0
       0
       0
       0
       1
       0
       0
       0
       0
       0
       1
       1
       0
       0
       1
       0
       0
       1
       1
       0
       0
       0
       0
       1
       1
       1
       0
       1
       0
       0
       0
       0
       0
       1
       0
       0
       0
       1
       0
       0
       2
       0
       0
       0
       0
       0
       0
       0
       2
       0
       1
       1
       0
       0
       1
       1
       0
       1
       0
       0
       0
       0
       2
       0
       0
       1
       0
       0
       0
       1
       0
       1
       0
       0
       0
       0
       0
       0
       0
       0
       1
       0
       0
       1
       0
       0
       1
       0
       0
       0
       0
       0
       0
       1
       0
       0
       1
       0
       1
       0
       0
       0
       0
       1
       0
       0
       0
       0
       0
       0
       0
       0
       0
       0
       0
       0
       0
       1
       0
       0
       0
       0
       0
       1
       0
       0
       0
       0
       0
       0
       0
       0
       0
       1
       1
       0
       0
       0
       0
       0
       0
       0
       0
       0
       0
       0
       0
       0
       0
       0
       1
       1
       0
       0
       0
       0
       0
       0
       0
       0
       0
       0
       0
       0
       0
       0
       1
       0
       0
       0
       0
       0
       1
       0
       0
       0
       0
       0
       0
       1
       0
       0
       0
       0
       1
       0
       0
       0
       0
       0
       1
       0
       1
       1
       1
       0
       0
       1
       0
       1
       1
       0
       0
       0
       0
       0
       0
       0
       0
       0
       2
       0
       1
       0
       0
       0
       1
       0
       0
       0
       0
       0
       0
       0
       0
       0
       0
       0
       0
       0
       0
       0
       0
       0
       0
       0
       0
       0
       0
       0
       1
       0
       0
       0
       0
       1
       0
       1
       0
       0
       0
       1
       0
       0
       0
       0
       1
       0
       0
       0
       0
       0
       0
       0
       0
       1
       0
       0
       0
       0
       0
       0
       1
       0
       1
       0
       0
       0
       0
       0
       0
       0
       1
       0
       1
       0
       0
       0
       0
       0
       0
       0
       0
       0
       0
       0
       0
       0
       0
       0
       0
       0
       0
       1
       0
       0
       0
       0
       0
       1
       0
       0
       0
       0
       0
       0
       1
       0
       0
       0
       0
       0
       1
       0
       0
       0
       1
       0
       0
       0
       0
       0
       0
       0
       0
       0
       1
       0
       0
       1
       0
       0
       0
       0
       0
       0
       0
       0
       0
       0
       0
       0
       0
       0
       0
       0
       0
       0
       0
       0
       0
       0
       0
       0
       0
       0
       0
       0
       0
       0
       0
       0
       0
       0
       0
       0
       0
       0
       0
       0
       0
       0
       0
       0
       0
       0
       0
       0
       0
       0
       0
       0
       0
       0
       0
       1
       0
       0
       1
       0
       0
       0
       0
       0
       0
       0
       0
       0
       0
       0
       0
       0
       0
       0
       0
       0
       0
       0
       0
       0
       0
       0
       0
       0
       0
       0
       0
$ROI:
2
379 500
803 817
$PRESETS:
Live Time
600
0
$ENER_FIT:
0.000000 0.000000
$MCA_CAL:
3
0.000000E+000 0.000000E+000 0.000000E+000 
$SHAPE_CAL:
3
0.000000E+000 0.000000E+000 0.000000E+000
