$SPEC_ID:
No sample description was entered.
$SPEC_REM:
DET# 17
DETDESC# WD011-05 Easy-MCA-8k SN 13260149
AP# Maestro Version 7.01
$DATE_MEA:
04/25/2017 12:51:45
$MEAS_TIM:
240 240
$DATA:
0 1023
       0
       0
       0
       0
       0
       0
       0
       0
       0
       0
       1
      10
    1094
     624
     557
     688
     806
     913
     881
     888
     794
     650
     602
     444
     323
     317
     306
     258
     241
     265
     203
     219
     224
     224
     228
     229
     204
     229
     245
     211
     232
     208
     265
     263
     244
     214
     245
     221
     259
     247
     225
     211
     228
     231
     202
     250
     249
     259
     266
     235
     227
     260
     249
     225
     243
     253
     255
     254
     266
     251
     242
     251
     268
     258
     251
     233
     251
     273
     240
     231
     228
     257
     246
     276
     249
     232
     256
     214
     239
     256
     244
     244
     207
     222
     212
     225
     225
     240
     245
     258
     226
     283
     264
     303
     285
     311
     325
     283
     302
     301
     293
     319
     262
     320
     273
     264
     243
     266
     241
     233
     202
     243
     194
     211
     211
     199
     221
     216
     215
     195
     187
     200
     169
     184
     195
     176
     171
     189
     193
     181
     169
     189
     159
     163
     162
     183
     142
     164
     154
     166
     155
     155
     120
     156
     153
     153
     145
     152
     125
     148
     131
     128
     120
     131
     138
     126
     125
     133
     133
     141
     134
     151
     124
     130
     131
     127
     143
     124
     115
     118
     121
      88
     118
      97
     129
     130
     118
     109
     127
      99
     113
     114
     114
     113
     133
     106
     101
      90
     100
     112
     103
     120
     101
     110
     105
     109
     122
      98
     106
     103
     101
     113
     111
     109
     125
     101
     105
     113
      98
     115
     107
     129
     110
     106
     115
     110
     113
     124
     109
     112
     108
      92
     117
     127
     106
     104
     131
     103
     103
     110
     104
     129
      97
     118
      99
     107
     116
     127
     115
      99
     107
     120
     115
      94
     105
     113
     104
     110
     118
     106
     118
     108
     119
     108
     112
     108
     108
     137
     135
     123
     109
     102
     115
     106
     113
     103
     117
     138
      98
     116
     131
     107
     149
     125
     115
     112
     134
     148
     120
      99
     103
     116
     117
     102
     115
     122
     101
     108
     107
     124
     113
     101
     105
     113
      83
      86
      77
      68
      82
      77
      73
      77
      71
      81
      64
      54
      64
      46
      64
      43
      44
      56
      45
      40
      48
      37
      31
      43
      23
      23
      34
      28
      34
      32
      30
      23
      33
      23
      24
      27
      10
      18
      21
      23
      20
      28
      24
      18
      18
      14
      20
      15
      14
      16
      17
       9
      10
      12
      13
      18
      11
      18
      19
       9
       8
      12
       6
      11
      15
      14
      14
       9
       7
       7
      12
      11
      12
       9
      12
      11
      18
      15
      15
      11
      10
       9
       8
       8
      12
      16
       6
      11
       6
       7
      16
       8
       7
       9
      15
      15
      12
       7
      11
      15
      13
      12
      15
      19
       9
      14
      14
      17
      17
      10
      14
      23
      24
      26
      17
      28
      23
      32
      35
      30
      38
      40
      33
      46
      58
      64
      53
      66
      81
      65
      83
     102
      93
     105
     111
     110
     130
     129
     145
     149
     161
     131
     182
     197
     198
     184
     211
     167
     196
     228
     193
     181
     199
     194
     181
     183
     178
     192
     179
     151
     138
     145
     132
     119
     127
     115
     108
      97
      72
      81
      84
      60
      53
      47
      57
      37
      22
      27
      34
      28
      21
      16
      11
      12
      15
      10
      16
       3
       6
       3
       5
       2
       4
       2
       1
       2
       1
       0
       0
       2
       0
       0
       2
       0
       0
       0
       0
       0
       0
       0
       0
       0
       1
       0
       0
       1
       0
       2
       0
       0
       1
       1
       2
       0
       0
       1
       0
       0
       1
       0
       0
       0
       0
       0
       1
       0
       0
       0
       0
       0
       0
       0
       1
       0
       0
       0
       0
       0
       1
       1
       0
       0
       0
       0
       1
       0
       0
       0
       0
       0
       0
       1
       0
       0
       0
       0
       1
       0
       0
       0
       0
       0
       0
       0
       0
       1
       0
       0
       0
       0
       1
       0
       0
       1
       0
       0
       0
       0
       0
       0
       1
       0
       0
       0
       0
       0
       0
       0
       0
       0
       0
       0
       0
       0
       0
       0
       0
       1
       1
       0
       0
       1
       0
       0
       0
       0
       0
       0
       0
       0
       0
       1
       0
       0
       0
       0
       0
       0
       0
       0
       0
       0
       0
       0
       0
       0
       0
       0
       1
       0
       0
       0
       0
       1
       0
       0
       1
       0
       0
       0
       0
       0
       0
       0
       1
       0
       0
       0
       1
       0
       0
       0
       0
       0
       0
       0
       0
       0
       0
       0
       1
       0
       0
       0
       0
       0
       0
       0
       0
       0
       0
       0
       0
       0
       0
       0
       0
       0
       0
       0
       0
       0
       0
       0
       1
       0
       1
       0
       0
       1
       0
       0
       0
       0
       2
       0
       0
       0
       0
       0
       0
       0
       0
       1
       0
       0
       0
       0
       0
       0
       0
       0
       0
       0
       0
       0
       0
       0
       0
       0
       0
       0
       0
       0
       0
       0
       0
       0
       0
       0
       0
       0
       0
       0
       0
       0
       0
       0
       0
       0
       0
       0
       0
       0
       0
       0
       0
       0
       0
       0
       0
       1
       0
       0
       0
       0
       0
       1
       0
       1
       0
       0
       0
       0
       0
       0
       0
       0
       0
       0
       0
       0
       0
       1
       0
       0
       0
       0
       0
       0
       0
       0
       0
       1
       0
       0
       0
       1
       0
       0
       0
       0
       0
       1
       0
       0
       1
       0
       1
       0
       0
       0
       0
       0
       0
       0
       0
       0
       0
       0
       0
       0
       0
       0
       1
       0
       0
       0
       0
       0
       0
       0
       0
       0
       0
       1
       0
       0
       0
       0
       0
       0
       0
       0
       0
       0
       0
       0
       0
       0
       0
       0
       0
       0
       0
       0
       0
       0
       0
       0
       0
       0
       0
       0
       0
       0
       0
       0
       0
       0
       0
       0
       0
       0
       2
       0
       0
       0
       0
       0
       0
       0
       0
       0
       0
       0
       0
       0
       0
       0
       0
       0
       0
       0
       0
       0
       0
       0
       0
       0
       0
       0
       0
       0
       0
       0
       0
       0
       0
       0
       0
       0
       0
       0
       0
       0
       0
       0
       0
       0
       0
       0
       0
       0
       0
       0
       0
       0
       0
       0
       0
       0
       0
       0
       0
       0
       0
       0
       0
       0
       0
       0
       0
       0
       0
       0
       0
       0
       0
       0
       0
       0
       0
       0
       0
       0
       0
       0
       0
       0
       0
       0
       0
       0
       0
       0
       0
       0
       0
       0
       0
       0
       0
       0
       0
       0
       0
       0
       0
       0
       0
       0
       0
       0
       0
       0
       0
       0
       0
       0
       0
       0
       0
       0
       0
       0
       0
       0
       0
       0
       0
       0
       0
       0
       0
       0
       0
       0
       0
       0
       0
       0
       0
       0
       0
       0
       0
       0
       0
       0
$ROI:
2
379 500
803 817
$PRESETS:
Live Time
240
0
$ENER_FIT:
0.000000 0.000000
$MCA_CAL:
3
0.000000E+000 0.000000E+000 0.000000E+000 
$SHAPE_CAL:
3
0.000000E+000 0.000000E+000 0.000000E+000
