$SPEC_ID:
No sample description was entered.
$SPEC_REM:
DET# 17
DETDESC# WD011-05 Easy-MCA-8k SN 13260149
AP# Maestro Version 7.01
$DATE_MEA:
04/26/2017 10:47:00
$MEAS_TIM:
240 241
$DATA:
0 1023
       0
       0
       0
       0
       0
       0
       0
       0
       0
       0
       0
       0
       0
       0
       0
       0
      54
     934
     695
     597
     565
     507
     443
     413
     360
     355
     299
     275
     280
     263
     244
     240
     265
     243
     252
     235
     263
     222
     258
     243
     247
     242
     245
     238
     273
     274
     275
     230
     244
     264
     252
     253
     247
     231
     236
     250
     247
     234
     221
     274
     245
     243
     282
     271
     257
     281
     267
     269
     266
     272
     295
     280
     264
     278
     270
     244
     270
     275
     256
     269
     263
     272
     247
     254
     240
     241
     241
     270
     246
     239
     239
     240
     261
     250
     257
     283
     286
     266
     281
     294
     300
     280
     279
     304
     319
     340
     318
     276
     331
     310
     333
     299
     308
     264
     312
     261
     244
     260
     257
     229
     214
     227
     204
     231
     205
     200
     232
     219
     221
     193
     223
     200
     183
     200
     201
     213
     181
     204
     199
     192
     181
     173
     184
     182
     185
     208
     171
     178
     183
     171
     180
     151
     161
     154
     173
     142
     160
     120
     150
     129
     142
     151
     149
     136
     142
     134
     116
     137
     132
     136
     138
     150
     126
     136
     118
     133
     131
     163
     122
     120
     127
     139
     129
     120
     131
     150
     111
     133
     131
     109
     125
     135
     118
     144
     105
     113
     114
     128
     121
     109
     121
     125
     113
     124
     117
     126
     127
      96
     112
      96
     113
     131
     109
      80
     113
      95
      98
     119
     108
     105
     106
      95
     127
     129
     121
     110
     132
     104
     111
     121
     103
     129
     127
     104
     102
     123
     113
     115
      94
     123
     121
     117
     108
     129
     111
     105
     128
     112
     114
     124
     116
     131
     108
     142
     122
     121
     131
     107
     124
     113
     118
     132
     152
     119
     129
     118
     114
     133
     121
     110
     113
     134
     135
     136
     122
     149
     126
     132
     130
     130
     133
     123
     124
     131
     115
     118
     114
     117
     114
     122
     123
     136
      99
     101
     114
     110
      93
      90
     100
      98
      90
     108
      83
     101
      75
      73
      62
      79
      73
      61
      65
      68
      64
      55
      46
      44
      51
      43
      46
      39
      30
      41
      37
      30
      26
      34
      31
      25
      20
      34
      37
      32
      31
      28
      22
      21
      22
      26
      23
      16
      17
      19
      24
      22
      13
      18
      17
      13
      19
      13
      17
      18
      21
      11
      15
      12
      15
      11
      13
      14
       5
      11
      10
      11
      15
      11
       9
       5
       8
       9
      14
      11
      11
       7
      10
      14
       9
      14
       6
      10
      12
      15
      13
       7
      17
      11
       5
      11
      14
      15
      11
      13
      14
      11
       7
      20
      17
      10
       8
      14
      15
      24
      26
      19
      25
      27
      28
      26
      32
      30
      29
      25
      40
      35
      36
      40
      39
      49
      58
      54
      52
      72
      71
      93
      84
      89
     102
     119
     112
     137
     136
     123
     128
     143
     161
     159
     169
     196
     157
     175
     161
     207
     188
     188
     214
     207
     181
     197
     191
     172
     159
     160
     174
     145
     170
     162
     137
     137
     116
     105
      98
     100
      84
      87
      73
      65
      60
      58
      61
      41
      28
      35
      21
      24
      20
      20
      19
      14
       9
       5
      11
       8
       5
       3
       7
       7
       1
       3
       3
       0
       3
       1
       0
       2
       0
       1
       1
       0
       0
       0
       0
       0
       1
       0
       0
       0
       0
       0
       0
       0
       0
       0
       0
       0
       0
       0
       0
       0
       0
       1
       0
       0
       0
       1
       0
       1
       0
       0
       0
       0
       0
       0
       0
       0
       0
       1
       0
       0
       0
       0
       0
       2
       0
       0
       0
       0
       0
       0
       0
       1
       1
       0
       0
       0
       0
       0
       0
       0
       0
       0
       0
       0
       0
       0
       0
       0
       1
       0
       0
       0
       0
       0
       0
       0
       0
       0
       1
       0
       0
       0
       0
       0
       0
       0
       1
       0
       0
       0
       0
       0
       0
       0
       0
       1
       0
       1
       0
       0
       0
       0
       0
       0
       0
       0
       0
       0
       0
       0
       0
       0
       0
       0
       0
       0
       0
       0
       0
       0
       0
       0
       0
       0
       0
       0
       0
       1
       0
       0
       0
       1
       0
       0
       0
       0
       0
       0
       0
       1
       0
       0
       0
       0
       0
       0
       0
       0
       0
       0
       0
       0
       0
       0
       0
       0
       0
       0
       1
       0
       0
       0
       0
       0
       1
       0
       0
       0
       0
       0
       0
       0
       0
       0
       0
       0
       0
       2
       0
       0
       0
       0
       0
       1
       0
       0
       0
       1
       0
       0
       0
       0
       0
       0
       0
       0
       0
       0
       0
       1
       0
       0
       0
       0
       0
       0
       0
       0
       0
       1
       0
       0
       0
       0
       0
       0
       0
       0
       0
       0
       0
       0
       0
       0
       0
       0
       1
       0
       1
       0
       0
       0
       0
       0
       0
       0
       0
       0
       0
       0
       0
       0
       0
       0
       0
       0
       0
       0
       0
       0
       0
       0
       0
       0
       0
       0
       0
       0
       0
       0
       0
       0
       0
       0
       0
       0
       0
       0
       0
       0
       0
       0
       0
       1
       1
       0
       0
       0
       1
       0
       0
       0
       0
       0
       0
       0
       0
       0
       0
       0
       0
       1
       0
       0
       0
       0
       0
       0
       0
       0
       0
       0
       0
       0
       0
       0
       0
       0
       0
       0
       0
       0
       0
       2
       0
       0
       0
       1
       0
       0
       0
       0
       1
       0
       0
       2
       0
       0
       0
       0
       0
       0
       0
       0
       1
       0
       0
       0
       0
       0
       0
       0
       1
       0
       0
       0
       0
       0
       0
       0
       0
       0
       0
       0
       0
       0
       1
       0
       0
       0
       0
       0
       0
       0
       0
       0
       0
       1
       0
       0
       0
       0
       0
       0
       0
       0
       0
       0
       0
       0
       0
       0
       0
       0
       0
       0
       0
       0
       0
       0
       0
       0
       0
       0
       0
       0
       0
       0
       0
       0
       0
       0
       0
       0
       0
       0
       0
       0
       0
       0
       0
       0
       0
       0
       0
       0
       0
       0
       0
       1
       0
       0
       0
       0
       0
       0
       0
       0
       0
       0
       0
       0
       0
       0
       0
       0
       0
       0
       0
       0
       0
       0
       0
       0
       0
       0
       0
       0
       0
       0
       0
       0
       0
       1
       0
       0
       0
       0
       0
       0
       0
       0
       0
       0
       0
       1
       0
       0
       0
       0
       0
       0
       0
       0
       0
       0
       0
       0
       0
       0
       0
       0
       0
       0
       0
       0
       0
       0
       0
       0
       0
       0
       0
       0
       0
       0
       0
       0
       0
       0
       0
       0
       0
       0
       0
       0
       0
       0
       0
       0
       0
       0
       0
       0
       0
       0
       0
       0
       0
       0
       0
       0
       0
       0
       0
       0
$ROI:
2
393 489
803 817
$PRESETS:
Live Time
240
0
$ENER_FIT:
0.000000 0.000000
$MCA_CAL:
3
0.000000E+000 0.000000E+000 0.000000E+000 
$SHAPE_CAL:
3
0.000000E+000 0.000000E+000 0.000000E+000
