$SPEC_ID:
No sample description was entered.
$SPEC_REM:
DET# 17
DETDESC# WD011-05 Easy-MCA-8k SN 13260149
AP# Maestro Version 7.01
$DATE_MEA:
04/26/2017 11:04:12
$MEAS_TIM:
240 241
$DATA:
0 1023
       0
       0
       0
       0
       0
       0
       0
       0
       0
       0
       0
       0
       0
       0
       0
       0
      47
     689
     474
     395
     393
     369
     318
     366
     283
     286
     244
     236
     214
     208
     208
     207
     187
     200
     192
     182
     216
     192
     206
     194
     186
     196
     211
     193
     183
     203
     194
     190
     193
     207
     220
     219
     220
     221
     202
     198
     199
     194
     207
     229
     216
     199
     182
     240
     217
     208
     194
     237
     219
     244
     204
     203
     224
     233
     212
     188
     223
     208
     258
     235
     222
     205
     222
     196
     223
     190
     217
     203
     185
     210
     204
     217
     227
     194
     207
     192
     203
     237
     195
     211
     224
     242
     259
     236
     211
     221
     257
     273
     259
     241
     244
     224
     245
     272
     258
     233
     237
     214
     212
     218
     220
     189
     197
     174
     156
     172
     192
     186
     184
     173
     177
     156
     176
     174
     141
     138
     152
     136
     141
     140
     145
     116
     128
     135
     133
     145
     117
     143
     139
     126
     122
      97
     126
     113
     137
     129
     117
     131
     110
     112
      89
     112
     130
     125
     143
     111
     134
     113
     103
      96
      98
     108
     102
     102
     105
     107
      95
     101
     114
      94
      95
      98
     101
      93
     103
      86
      93
     101
     118
      95
     103
      98
     106
     101
      95
      86
     109
      80
      93
      90
      70
      91
      92
      99
     105
      91
     110
      94
      80
      87
     102
      89
      72
      94
     100
      92
      93
      94
      88
      92
      96
      97
     101
     109
      86
      80
      65
      87
      85
      88
      71
      99
      80
      96
     105
      87
      81
      89
      93
      99
      89
      79
      87
      99
      85
      94
     108
      90
      94
     100
     107
      98
      87
      92
      90
     108
      82
      87
      91
     100
      86
      89
     108
     115
     106
      93
     108
     107
      99
     109
      93
      86
     104
     108
     133
      93
     110
     125
      92
     107
      82
     109
      93
      98
     102
      87
     100
     116
      91
     117
      91
     107
      94
      85
      99
      92
      81
      93
      93
      76
     101
      91
      82
      79
      80
      77
      69
      82
      73
      60
      56
      54
      56
      52
      52
      67
      46
      31
      56
      37
      41
      36
      35
      34
      25
      32
      34
      27
      23
      34
      12
      22
      22
      23
      20
      28
      11
      23
      24
      21
      21
      18
      23
      13
      22
       8
      19
      12
      16
      13
      17
      11
      12
      11
      20
      18
      21
      11
       9
      10
      13
      10
      13
       4
      17
       7
       6
       7
       6
      10
      11
      12
       6
      12
       9
       9
       7
      14
       4
      11
       4
      10
      12
       5
       5
      10
       5
       7
       9
      10
      11
       8
       8
      10
      11
      12
       6
      11
       8
      11
       6
       7
       9
      11
      13
      11
      12
       9
      11
      12
      18
      23
      10
      15
      16
      19
      21
      26
      34
      28
      28
      34
      35
      37
      42
      48
      45
      59
      56
      71
      62
      57
      72
      91
      87
      96
      95
      98
     106
     123
     129
     120
     117
     141
     154
     145
     157
     161
     156
     148
     141
     156
     167
     149
     163
     158
     147
     142
     148
     148
     128
     130
     134
     117
     104
      85
      86
      85
      95
      67
      59
      53
      57
      39
      46
      33
      34
      29
      27
      25
      17
      15
      17
      11
       8
      10
      10
      10
       9
       7
       5
       2
       4
       0
       2
       2
       0
       0
       2
       0
       3
       0
       0
       1
       1
       0
       0
       0
       0
       0
       0
       0
       1
       0
       0
       0
       0
       1
       0
       0
       0
       0
       0
       0
       1
       0
       0
       1
       0
       0
       0
       0
       0
       1
       1
       0
       0
       0
       0
       0
       0
       0
       0
       0
       0
       0
       0
       0
       0
       0
       1
       0
       0
       0
       0
       0
       1
       0
       0
       0
       0
       0
       1
       0
       0
       0
       1
       0
       0
       0
       0
       1
       0
       0
       0
       0
       0
       0
       0
       0
       0
       0
       0
       0
       0
       0
       1
       0
       0
       0
       0
       0
       0
       1
       0
       0
       0
       1
       0
       0
       0
       0
       0
       0
       1
       0
       2
       0
       0
       0
       0
       1
       0
       0
       1
       0
       1
       0
       0
       0
       0
       0
       0
       0
       0
       0
       0
       0
       0
       0
       0
       0
       0
       0
       0
       0
       0
       0
       0
       0
       0
       0
       0
       0
       0
       0
       0
       0
       0
       0
       0
       0
       1
       0
       0
       0
       0
       0
       0
       0
       0
       0
       0
       0
       0
       1
       0
       0
       0
       0
       0
       0
       0
       0
       0
       0
       0
       0
       0
       0
       0
       1
       0
       0
       0
       0
       1
       0
       0
       0
       0
       0
       0
       0
       0
       0
       0
       0
       0
       0
       0
       0
       0
       0
       0
       0
       0
       0
       0
       0
       0
       0
       0
       0
       0
       0
       0
       0
       0
       0
       0
       1
       0
       0
       0
       0
       0
       0
       0
       0
       0
       0
       0
       0
       0
       0
       0
       0
       1
       0
       0
       0
       0
       0
       0
       0
       0
       0
       0
       0
       0
       0
       0
       0
       0
       0
       1
       1
       0
       0
       0
       0
       0
       0
       0
       0
       0
       1
       0
       0
       0
       0
       0
       0
       0
       1
       0
       0
       0
       0
       0
       0
       1
       0
       0
       0
       0
       2
       0
       0
       0
       0
       0
       0
       0
       0
       0
       0
       0
       0
       0
       0
       0
       0
       0
       1
       0
       0
       0
       0
       0
       0
       0
       0
       0
       0
       0
       0
       0
       0
       0
       1
       0
       0
       0
       0
       0
       0
       0
       0
       0
       0
       0
       0
       0
       0
       2
       0
       0
       1
       0
       0
       0
       0
       0
       0
       0
       0
       2
       0
       0
       0
       0
       0
       0
       0
       0
       0
       0
       0
       0
       0
       0
       0
       0
       0
       0
       0
       0
       0
       0
       0
       0
       0
       0
       0
       0
       0
       0
       0
       0
       0
       0
       0
       1
       0
       0
       0
       0
       0
       0
       0
       0
       0
       0
       0
       0
       0
       0
       0
       0
       0
       0
       0
       0
       1
       0
       0
       0
       0
       0
       0
       0
       0
       0
       0
       0
       0
       0
       0
       0
       0
       0
       0
       0
       0
       0
       1
       0
       0
       0
       0
       0
       0
       0
       0
       0
       0
       0
       0
       0
       0
       1
       0
       0
       0
       0
       0
       0
       0
       0
       0
       0
       0
       0
       0
       0
       0
       0
       0
       0
       0
       0
       0
       0
       0
       0
       0
       0
       0
       0
       0
       0
       0
       0
       0
       0
       0
       0
       0
       0
       0
       0
       0
       0
       0
       0
       0
       0
       0
       0
       0
       0
       0
       0
       0
       0
       0
       0
       0
       0
       0
       0
       0
       0
       0
       0
       0
       0
       0
       0
       0
       0
       0
       0
       0
       0
       0
       0
       0
       0
       0
       0
       0
$ROI:
2
393 489
803 817
$PRESETS:
Live Time
240
0
$ENER_FIT:
0.000000 0.000000
$MCA_CAL:
3
0.000000E+000 0.000000E+000 0.000000E+000 
$SHAPE_CAL:
3
0.000000E+000 0.000000E+000 0.000000E+000
