$SPEC_ID:
No sample description was entered.
$SPEC_REM:
DET# 17
DETDESC# WD011-05 Easy-MCA-8k SN 13260149
AP# Maestro Version 7.01
$DATE_MEA:
04/26/2017 10:55:46
$MEAS_TIM:
240 241
$DATA:
0 1023
       0
       0
       0
       0
       0
       0
       0
       0
       0
       0
       0
       0
       0
       0
       0
       1
      69
     894
     651
     634
     531
     503
     453
     404
     365
     313
     290
     272
     274
     260
     259
     270
     251
     250
     229
     231
     232
     269
     284
     253
     262
     247
     234
     239
     233
     230
     258
     228
     234
     262
     251
     260
     240
     239
     241
     252
     236
     284
     234
     272
     273
     267
     255
     267
     233
     277
     248
     251
     277
     294
     257
     278
     277
     254
     242
     287
     256
     273
     258
     244
     278
     282
     271
     256
     222
     272
     240
     254
     248
     242
     258
     239
     234
     242
     253
     266
     285
     288
     276
     273
     297
     302
     301
     280
     316
     297
     317
     294
     317
     298
     319
     292
     289
     288
     283
     289
     261
     244
     248
     231
     224
     228
     241
     216
     206
     216
     184
     200
     182
     220
     206
     205
     187
     188
     222
     195
     196
     183
     190
     182
     181
     195
     182
     205
     168
     186
     170
     171
     185
     162
     168
     190
     155
     174
     163
     148
     165
     148
     139
     128
     161
     142
     165
     137
     131
     148
     117
     124
     153
     109
     139
     141
     143
     129
     125
     147
     121
     116
     131
     146
     133
     130
     145
     118
     124
     119
     112
     116
     120
     117
     128
     120
     104
     102
     114
     132
     106
     107
     116
      98
     129
     102
     108
     119
     112
     123
     120
     112
     111
     104
     108
     120
     102
     110
     107
     120
     117
     108
     113
     109
      97
     126
     106
     115
     108
     118
     104
     112
     120
     114
     116
     109
     121
     114
     115
     113
     111
     103
     122
     103
     110
     124
      98
     124
     110
     112
     131
     109
     135
     119
     104
     122
     111
     142
     118
     102
      99
      99
     108
     121
     109
     124
     110
     118
     150
     109
     126
     121
     124
     134
     111
     130
     128
     125
     137
     132
     119
     117
     123
     111
     133
     129
     130
     121
     101
     102
     110
     133
     132
      90
     113
     122
     104
     101
     100
      93
      94
      92
      83
      90
      83
      98
      91
      86
      87
      91
      79
      56
      74
      60
      61
      56
      48
      55
      57
      55
      42
      44
      31
      27
      43
      28
      33
      39
      45
      32
      21
      33
      31
      30
      25
      21
      35
      30
      19
      20
      21
      21
      22
      14
      12
      14
      15
      20
      23
      13
      16
      18
      22
      17
      18
      14
      18
      10
       8
      19
      12
      15
      10
      15
      11
      12
       6
      13
      14
      12
      15
       8
       8
       9
      11
       9
       9
      12
      10
       9
       8
       9
      10
      12
       9
      14
      17
       5
       9
       8
      11
      11
      10
      11
      10
      11
      11
      17
      19
      15
       9
      12
      15
      13
      22
      11
      14
      22
      20
      23
      28
      22
      23
      22
      34
      38
      41
      42
      46
      53
      47
      61
      57
      60
      75
      66
      67
     110
      92
      98
      97
     132
     120
     121
     123
     129
     149
     169
     154
     177
     170
     160
     183
     198
     187
     189
     209
     191
     228
     175
     181
     168
     177
     177
     176
     151
     143
     153
     144
     145
     137
     114
     109
      96
      97
      86
      75
      76
      69
      50
      57
      38
      33
      41
      30
      16
      25
      25
      15
      14
       8
      18
       6
       8
       2
      11
       6
       4
       4
       8
       1
       0
       0
       3
       0
       2
       1
       2
       0
       0
       1
       0
       0
       0
       2
       0
       1
       0
       0
       0
       0
       0
       0
       0
       0
       1
       0
       0
       0
       2
       0
       0
       0
       0
       0
       0
       0
       1
       0
       0
       0
       0
       1
       0
       0
       0
       0
       0
       0
       0
       1
       0
       0
       0
       0
       0
       0
       0
       0
       0
       0
       0
       0
       0
       0
       1
       0
       0
       0
       0
       0
       1
       0
       1
       0
       0
       0
       0
       0
       0
       0
       0
       1
       0
       0
       0
       0
       0
       0
       0
       0
       0
       0
       0
       0
       0
       1
       0
       0
       0
       0
       0
       0
       2
       0
       0
       0
       0
       0
       0
       1
       0
       0
       1
       0
       0
       0
       0
       0
       0
       0
       0
       0
       0
       0
       0
       0
       0
       0
       0
       0
       0
       0
       0
       0
       0
       0
       0
       0
       0
       0
       0
       0
       0
       0
       0
       0
       0
       0
       0
       1
       0
       0
       0
       0
       0
       0
       0
       0
       0
       0
       0
       0
       0
       0
       0
       0
       0
       0
       1
       0
       0
       0
       1
       0
       0
       0
       0
       0
       0
       0
       0
       1
       0
       0
       1
       0
       0
       0
       0
       0
       0
       0
       0
       0
       0
       0
       0
       0
       0
       1
       1
       0
       1
       0
       0
       0
       0
       0
       0
       0
       0
       0
       0
       0
       0
       0
       0
       0
       0
       0
       0
       0
       0
       0
       0
       0
       0
       0
       0
       0
       0
       0
       0
       0
       0
       0
       0
       0
       0
       0
       0
       0
       1
       0
       0
       0
       0
       1
       0
       0
       0
       0
       0
       0
       1
       0
       0
       0
       0
       0
       0
       0
       0
       0
       0
       0
       0
       0
       0
       0
       0
       0
       0
       0
       0
       0
       1
       0
       0
       0
       0
       0
       0
       1
       0
       0
       0
       0
       0
       0
       1
       0
       0
       0
       0
       0
       0
       0
       0
       1
       0
       0
       0
       0
       0
       0
       0
       0
       0
       1
       0
       0
       0
       0
       0
       0
       0
       0
       0
       0
       0
       0
       0
       0
       0
       0
       0
       0
       0
       0
       0
       0
       0
       0
       0
       0
       0
       0
       0
       0
       0
       0
       0
       0
       0
       1
       0
       0
       0
       0
       0
       0
       0
       1
       0
       0
       0
       0
       0
       0
       0
       0
       0
       0
       0
       0
       0
       0
       0
       0
       0
       0
       0
       0
       0
       0
       0
       0
       0
       0
       0
       0
       0
       0
       0
       0
       0
       0
       0
       0
       0
       2
       0
       0
       0
       0
       0
       0
       0
       0
       0
       0
       0
       0
       0
       0
       0
       0
       0
       0
       0
       0
       0
       0
       0
       0
       0
       0
       0
       0
       0
       0
       0
       0
       0
       0
       0
       0
       0
       0
       0
       0
       0
       0
       0
       0
       0
       0
       0
       0
       0
       0
       0
       0
       0
       0
       0
       0
       0
       0
       0
       0
       0
       0
       0
       0
       0
       0
       0
       0
       0
       0
       0
       0
       0
       0
       0
       0
       0
       1
       0
       0
       0
       0
       0
       0
       0
       0
       0
       0
       0
       0
       0
       0
       0
       0
       0
       0
       0
       0
       0
       0
       0
       0
       1
       0
       0
       1
       0
       0
       0
       0
       0
       0
       0
       0
       0
       0
       0
       0
       0
       0
       1
       0
       0
       0
       0
       0
       0
       0
       0
       0
       0
       0
       0
       0
       0
       0
       0
       0
       0
       0
       0
       0
       0
       0
       0
$ROI:
2
393 489
803 817
$PRESETS:
Live Time
240
0
$ENER_FIT:
0.000000 0.000000
$MCA_CAL:
3
0.000000E+000 0.000000E+000 0.000000E+000 
$SHAPE_CAL:
3
0.000000E+000 0.000000E+000 0.000000E+000
