$SPEC_ID:
No sample description was entered.
$SPEC_REM:
DET# 17
DETDESC# WD011-05 Easy-MCA-8k SN 13260149
AP# Maestro Version 7.01
$DATE_MEA:
04/26/2017 11:18:45
$MEAS_TIM:
240 241
$DATA:
0 1023
       0
       0
       0
       0
       0
       0
       0
       0
       0
       0
       0
       0
       0
       0
       0
       0
      57
     797
     581
     523
     492
     431
     415
     368
     331
     319
     270
     247
     235
     250
     256
     238
     262
     243
     228
     236
     220
     246
     200
     230
     249
     244
     236
     234
     252
     255
     253
     226
     234
     223
     245
     245
     237
     233
     235
     272
     237
     253
     230
     242
     243
     243
     233
     239
     252
     257
     244
     244
     230
     247
     275
     238
     230
     238
     271
     260
     258
     281
     241
     270
     252
     254
     247
     253
     266
     249
     248
     240
     240
     279
     251
     234
     219
     214
     244
     233
     265
     265
     248
     274
     265
     283
     304
     277
     268
     325
     306
     291
     294
     288
     304
     297
     302
     265
     297
     271
     281
     263
     239
     252
     244
     262
     222
     220
     215
     222
     221
     197
     194
     189
     188
     218
     198
     231
     203
     191
     182
     174
     193
     158
     203
     192
     167
     197
     171
     189
     171
     180
     173
     185
     172
     182
     155
     134
     166
     152
     164
     159
     157
     163
     131
     168
     149
     153
     119
     155
     158
     144
     131
     154
     153
     127
     119
     151
     139
     124
     143
     149
     125
     125
     103
     122
     122
     123
     123
     133
     114
     112
     105
     114
     122
      99
     110
      98
     130
     106
     114
     138
     114
     107
     129
     118
      93
     134
     112
     108
     127
      97
     115
     123
     117
     112
      92
      92
     127
     105
     107
     105
     119
     118
     101
      96
     100
      96
     106
      95
      92
     113
     118
     102
     116
     119
      97
     101
     104
     114
     122
      80
     101
     113
     109
     133
     107
     110
     133
     123
     109
      94
     103
      98
     120
     113
      93
      98
     119
     118
     114
     118
     128
     113
     107
     122
     112
     114
     131
     142
     121
     143
     113
     126
     104
     123
     122
     116
     117
     108
     114
     107
     132
     118
     122
     109
     131
     126
     107
     125
     119
     114
     127
     152
     129
     113
     112
     112
     128
     110
     105
     106
     103
      84
     103
      99
      99
      95
      83
      94
      82
      71
      80
      78
      80
      66
      83
      76
      61
      60
      56
      60
      55
      43
      52
      38
      55
      45
      40
      35
      40
      41
      33
      32
      25
      29
      37
      38
      32
      23
      21
      29
      18
      23
      20
      19
      19
      16
      21
      12
      23
      16
      24
      15
      18
      14
      13
      16
      18
      21
      17
      13
      17
      18
      12
      13
      23
      13
      11
       7
      14
       6
      11
      14
      10
       7
      10
      15
      13
       9
      12
      11
       9
       7
       7
       6
      11
       5
      10
      13
       8
       8
       8
      13
       6
       5
      11
       8
       7
      11
      16
      19
      14
      12
      10
      16
      14
       8
      17
      11
       8
      17
      18
      28
      19
      18
      23
      17
      30
      28
      25
      24
      25
      30
      34
      44
      42
      35
      47
      41
      59
      65
      58
      67
      72
      80
      88
      89
     105
     102
     121
     125
     121
     120
     139
     145
     150
     157
     155
     159
     179
     161
     194
     165
     208
     188
     188
     178
     187
     208
     189
     171
     182
     161
     170
     165
     151
     141
     145
     115
     117
      92
     103
      86
      83
      80
      77
      72
      59
      61
      47
      51
      35
      37
      28
      36
      18
      11
      13
      14
      11
      11
       9
       2
       6
       7
       1
       5
       4
       3
       5
       1
       0
       1
       0
       3
       0
       3
       0
       1
       0
       0
       0
       0
       0
       0
       1
       0
       0
       1
       0
       0
       0
       0
       0
       0
       0
       0
       0
       0
       0
       0
       0
       0
       0
       0
       0
       1
       0
       0
       0
       0
       0
       0
       0
       0
       0
       0
       1
       1
       1
       0
       0
       0
       0
       0
       0
       0
       1
       0
       0
       0
       0
       0
       0
       0
       0
       0
       0
       0
       0
       0
       0
       0
       0
       0
       0
       0
       0
       0
       0
       0
       0
       0
       0
       0
       0
       0
       0
       0
       0
       0
       0
       0
       0
       0
       0
       1
       0
       0
       0
       0
       1
       0
       0
       1
       0
       0
       0
       1
       0
       0
       0
       0
       0
       0
       0
       0
       1
       0
       0
       0
       0
       0
       0
       0
       0
       0
       0
       0
       0
       0
       0
       0
       0
       0
       0
       0
       0
       0
       1
       0
       0
       0
       0
       0
       0
       1
       0
       0
       0
       0
       0
       0
       0
       0
       0
       0
       0
       0
       0
       0
       0
       1
       0
       0
       0
       1
       1
       0
       0
       0
       0
       0
       0
       0
       0
       0
       0
       1
       0
       0
       0
       0
       0
       0
       0
       0
       0
       0
       0
       0
       0
       0
       0
       0
       0
       0
       0
       1
       0
       0
       0
       0
       0
       0
       0
       0
       0
       0
       0
       1
       0
       0
       0
       0
       0
       0
       0
       0
       0
       0
       0
       0
       0
       0
       0
       0
       0
       0
       0
       0
       0
       0
       0
       0
       0
       0
       0
       0
       0
       0
       0
       0
       0
       0
       0
       0
       0
       0
       1
       0
       0
       0
       0
       0
       0
       0
       0
       0
       1
       0
       0
       0
       0
       0
       1
       0
       0
       1
       0
       0
       0
       1
       1
       0
       0
       0
       0
       0
       1
       0
       0
       0
       0
       0
       0
       1
       0
       0
       0
       0
       0
       0
       0
       0
       0
       0
       0
       0
       1
       0
       0
       0
       0
       0
       0
       0
       0
       1
       0
       0
       0
       0
       0
       0
       0
       0
       0
       0
       1
       0
       0
       0
       0
       0
       0
       0
       0
       0
       0
       1
       0
       0
       0
       0
       0
       0
       0
       0
       0
       0
       0
       0
       0
       0
       0
       0
       0
       0
       0
       1
       0
       1
       0
       0
       0
       0
       0
       0
       0
       0
       0
       0
       0
       0
       0
       0
       0
       0
       0
       0
       0
       0
       0
       0
       0
       0
       0
       0
       0
       0
       0
       1
       0
       0
       0
       0
       0
       0
       0
       0
       0
       0
       0
       0
       1
       0
       0
       0
       0
       0
       0
       0
       0
       0
       0
       1
       0
       0
       0
       0
       0
       0
       1
       0
       0
       0
       1
       0
       0
       0
       0
       1
       0
       0
       1
       0
       0
       0
       0
       0
       0
       0
       0
       0
       0
       0
       0
       0
       0
       0
       0
       0
       0
       0
       0
       0
       0
       0
       0
       0
       0
       0
       0
       0
       0
       0
       0
       0
       0
       0
       0
       0
       0
       0
       0
       0
       0
       0
       0
       0
       0
       0
       0
       0
       0
       0
       0
       0
       0
       0
       0
       0
       0
       0
       0
       0
       0
       0
       0
       0
       0
       0
       0
       0
       0
       0
       0
       0
       0
       0
       0
       0
       0
       0
       0
       0
       0
       0
       0
       0
       0
       0
       0
       0
       0
       0
       0
       0
       0
       0
       0
       0
       0
       0
       0
       0
$ROI:
2
393 489
803 817
$PRESETS:
Live Time
240
0
$ENER_FIT:
0.000000 0.000000
$MCA_CAL:
3
0.000000E+000 0.000000E+000 0.000000E+000 
$SHAPE_CAL:
3
0.000000E+000 0.000000E+000 0.000000E+000
