$SPEC_ID:
No sample description was entered.
$SPEC_REM:
DET# 17
DETDESC# WD011-05 Easy-MCA-8k SN 13260149
AP# Maestro Version 7.01
$DATE_MEA:
04/26/2017 11:47:16
$MEAS_TIM:
600 602
$DATA:
0 1023
       0
       0
       0
       0
       0
       0
       0
       0
       0
       0
       0
       0
       0
       0
       0
       0
      49
     695
     224
      68
      48
      41
      35
      39
      38
      30
      34
      26
      18
      20
      15
      22
      16
      15
       8
      17
      11
      15
      25
      24
      23
      20
      22
      15
      25
      24
      25
      20
      30
      23
      22
      24
      17
      28
      24
      29
      20
      28
      21
      28
      29
      24
      31
      28
      31
      28
      29
      31
      18
      19
      26
      19
      20
      17
      22
      22
      22
       9
      20
      21
      23
      18
      21
      22
      17
      14
      20
      15
      20
      26
      18
      18
      16
      13
      21
      14
      21
       9
      12
      13
      12
      14
      16
       8
       9
      17
       5
      19
       9
       8
       8
       7
       7
      14
       9
       9
       6
       9
       9
       6
      11
       4
      10
       7
       1
       5
       2
       7
       5
       7
       5
       9
       7
       7
       0
       4
       8
       2
       3
       7
       2
       9
       2
       8
       7
       4
       3
       5
       5
       5
       1
       1
       4
       2
       2
       2
       3
       5
       1
       1
       4
       5
       4
       5
       4
       2
       5
       3
       3
       0
       1
       2
       3
       7
       2
       3
       2
       5
       2
       5
       4
       4
       2
       1
       0
       1
       1
       3
       0
       1
       0
       1
       3
       1
       1
       5
       2
       1
       4
       4
       3
       1
       1
       2
       2
       1
       2
       1
       0
       0
       0
       2
       4
       3
       0
       1
       2
       4
       4
       1
       3
       3
       0
       3
       1
       3
       0
       3
       2
       1
       1
       1
       3
       1
       3
       0
       1
       1
       1
       3
       1
       0
       1
       2
       0
       0
       1
       0
       1
       0
       2
       2
       2
       0
       3
       1
       0
       0
       4
       2
       3
       0
       1
       0
       0
       1
       1
       1
       2
       0
       0
       1
       1
       3
       1
       1
       0
       0
       0
       0
       0
       1
       1
       0
       1
       1
       2
       3
       0
       1
       1
       2
       2
       1
       0
       0
       0
       0
       0
       0
       3
       1
       0
       3
       0
       1
       2
       2
       3
       0
       0
       1
       0
       1
       0
       2
       0
       0
       0
       0
       2
       0
       1
       0
       1
       1
       2
       0
       0
       0
       0
       0
       2
       2
       2
       1
       1
       1
       0
       1
       2
       0
       1
       0
       2
       1
       0
       3
       0
       1
       0
       1
       1
       1
       0
       1
       0
       0
       0
       0
       0
       1
       0
       1
       0
       0
       0
       0
       0
       0
       0
       0
       1
       0
       1
       1
       0
       0
       2
       0
       1
       0
       3
       3
       0
       0
       2
       0
       0
       1
       0
       1
       0
       2
       0
       0
       1
       1
       1
       2
       0
       0
       0
       1
       1
       0
       0
       1
       1
       1
       0
       0
       0
       0
       1
       0
       0
       0
       2
       0
       1
       0
       0
       1
       0
       0
       0
       0
       1
       0
       2
       0
       0
       0
       0
       0
       0
       1
       0
       0
       0
       1
       0
       0
       0
       2
       0
       0
       0
       2
       0
       0
       0
       0
       0
       0
       0
       0
       0
       0
       0
       2
       0
       0
       1
       0
       0
       1
       0
       0
       0
       0
       1
       2
       0
       0
       0
       0
       0
       0
       0
       0
       0
       0
       0
       0
       0
       0
       1
       1
       0
       0
       0
       1
       0
       0
       0
       2
       0
       0
       1
       0
       0
       3
       0
       1
       0
       1
       0
       0
       1
       0
       1
       2
       0
       0
       1
       0
       1
       0
       0
       0
       0
       0
       0
       1
       0
       0
       1
       0
       0
       0
       0
       0
       0
       0
       0
       0
       1
       0
       0
       1
       0
       0
       1
       0
       0
       1
       0
       1
       0
       2
       0
       1
       0
       0
       0
       0
       0
       0
       1
       0
       0
       1
       0
       0
       0
       1
       0
       0
       0
       1
       0
       1
       0
       1
       1
       1
       0
       0
       0
       1
       0
       1
       0
       0
       1
       0
       1
       1
       0
       0
       0
       0
       0
       0
       0
       0
       0
       0
       0
       0
       0
       0
       0
       2
       1
       0
       0
       1
       0
       0
       0
       0
       1
       1
       0
       0
       1
       1
       0
       0
       0
       0
       1
       0
       0
       1
       0
       0
       1
       0
       0
       0
       0
       0
       0
       0
       1
       0
       0
       0
       0
       0
       0
       1
       1
       0
       0
       0
       0
       1
       0
       0
       0
       0
       0
       0
       1
       0
       0
       0
       0
       0
       0
       0
       0
       1
       0
       0
       0
       1
       0
       0
       1
       2
       0
       0
       1
       0
       0
       0
       0
       1
       0
       0
       0
       0
       0
       0
       0
       1
       0
       1
       1
       2
       0
       0
       0
       1
       0
       0
       0
       0
       0
       0
       0
       0
       0
       0
       0
       0
       0
       0
       0
       0
       0
       1
       0
       0
       0
       0
       0
       0
       0
       0
       0
       0
       1
       0
       0
       0
       1
       0
       1
       0
       0
       1
       0
       0
       1
       0
       0
       1
       0
       0
       0
       0
       1
       0
       0
       0
       0
       0
       0
       0
       0
       0
       1
       0
       0
       0
       0
       3
       0
       0
       0
       0
       0
       0
       0
       0
       0
       0
       0
       0
       0
       0
       0
       0
       0
       0
       0
       0
       0
       0
       0
       0
       0
       0
       0
       0
       0
       0
       0
       0
       0
       0
       0
       0
       0
       0
       1
       0
       1
       0
       0
       0
       0
       0
       1
       1
       0
       1
       0
       0
       0
       0
       0
       1
       0
       0
       0
       0
       0
       0
       0
       0
       0
       0
       2
       0
       0
       0
       0
       0
       0
       0
       0
       1
       0
       0
       0
       0
       0
       1
       0
       0
       2
       2
       1
       0
       1
       0
       0
       0
       0
       0
       0
       1
       0
       0
       0
       0
       0
       0
       0
       1
       0
       0
       0
       0
       0
       0
       0
       0
       0
       0
       1
       1
       0
       0
       1
       0
       0
       0
       0
       0
       0
       0
       0
       0
       0
       0
       0
       0
       0
       1
       0
       0
       0
       0
       0
       0
       0
       0
       0
       0
       1
       0
       0
       0
       0
       0
       0
       0
       0
       0
       0
       0
       0
       1
       0
       0
       0
       1
       0
       0
       0
       0
       0
       0
       0
       0
       0
       0
       0
       0
       0
       0
       0
       0
       0
       0
       0
       0
       0
       0
       0
       0
       1
       0
       0
       0
       0
       0
       0
       0
       0
       0
       0
       0
       0
       0
       0
       0
       0
       0
       0
       0
       0
       0
       0
       0
       0
       0
       0
       0
       0
       0
       0
       0
       0
       0
       0
       0
       2
       0
       0
       0
       0
       0
       0
       0
       0
       0
       1
       0
       0
       0
       0
       0
       0
       0
       0
       0
       0
       0
       0
       0
       0
       0
       0
       0
       0
       0
       0
       0
       0
       0
       0
       0
       0
       0
$ROI:
2
393 489
803 817
$PRESETS:
Live Time
600
0
$ENER_FIT:
0.000000 0.000000
$MCA_CAL:
3
0.000000E+000 0.000000E+000 0.000000E+000 
$SHAPE_CAL:
3
0.000000E+000 0.000000E+000 0.000000E+000
