$SPEC_ID:
No sample description was entered.
$SPEC_REM:
DET# 17
DETDESC# WD011-05 Easy-MCA-8k SN 13260149
AP# Maestro Version 7.01
$DATE_MEA:
04/26/2017 10:35:06
$MEAS_TIM:
240 241
$DATA:
0 1023
       0
       0
       0
       0
       0
       0
       0
       0
       0
       0
       0
       0
       0
       0
       1
       0
      62
    1124
     862
     673
     565
     526
     496
     412
     329
     314
     301
     267
     298
     218
     233
     235
     239
     276
     235
     218
     241
     253
     256
     246
     239
     243
     234
     259
     231
     237
     255
     270
     237
     275
     250
     266
     242
     257
     251
     247
     241
     262
     254
     255
     267
     255
     254
     273
     260
     298
     276
     290
     273
     255
     249
     273
     289
     264
     283
     251
     305
     270
     272
     257
     247
     262
     277
     273
     244
     279
     234
     245
     265
     234
     269
     269
     279
     277
     275
     283
     289
     274
     303
     280
     299
     312
     340
     327
     300
     297
     311
     300
     311
     270
     268
     274
     263
     251
     270
     274
     235
     238
     278
     248
     224
     194
     220
     210
     212
     186
     187
     214
     208
     208
     193
     197
     201
     185
     179
     182
     182
     175
     191
     175
     175
     182
     150
     180
     163
     191
     164
     157
     182
     160
     174
     159
     150
     144
     153
     139
     141
     147
     135
     146
     149
     127
     117
     118
     141
     144
     140
     155
     139
     135
     127
     122
     128
     120
     117
     121
     141
     123
     144
     131
     151
     117
     131
     119
     116
     121
     129
     128
     120
     113
     142
     112
     105
     129
     110
     113
     143
     111
     111
     114
     115
     104
     133
     119
     102
     117
     134
     137
     118
     124
     113
     107
     116
     109
     120
      84
     116
      93
     135
     125
     136
     128
     103
     112
     136
     120
     105
     128
     118
     135
     125
     136
     113
     121
     113
     122
     110
     117
     102
     140
     111
     132
     115
     122
     140
     118
     121
     129
     135
     128
     150
     120
     130
     132
     118
     147
     130
     148
     158
     135
     126
     115
     128
     108
     134
     120
     111
     140
     145
     124
     121
     130
     130
     121
     113
     136
     112
     110
     104
      93
     118
     109
     105
      84
      86
      94
      95
     106
      67
      78
      84
      77
      71
      68
      69
      67
      50
      51
      53
      38
      53
      46
      42
      31
      45
      38
      26
      32
      26
      37
      27
      33
      19
      22
      20
      22
      14
      22
      22
      19
      20
      19
      24
      26
      23
      19
      14
      14
      19
      15
      21
      27
      16
      18
      16
      15
      17
      12
      15
      10
      12
      12
       8
      10
      11
      14
      10
       8
       9
       8
      11
       7
      11
      16
      11
      14
       8
      13
      14
       9
       8
       5
      10
      12
      11
      15
      10
      10
      12
       9
      21
      11
       9
      12
      13
      16
      24
      15
      18
      20
      26
      15
      22
      27
      19
      23
      20
      18
      32
      29
      39
      46
      35
      30
      39
      47
      48
      62
      73
      67
      63
      88
      68
      83
     104
      89
      94
     111
     117
     154
     111
     149
     144
     165
     175
     160
     174
     195
     178
     177
     178
     234
     184
     185
     210
     179
     178
     188
     168
     181
     174
     165
     151
     136
     133
     132
     114
     112
     115
      99
     114
      91
      80
      81
      59
      60
      55
      50
      37
      29
      29
      38
      20
      22
      19
      17
      15
      11
       7
       5
       7
       7
       5
       3
       4
       2
       4
       1
       1
       0
       4
       2
       0
       0
       0
       0
       0
       0
       0
       1
       1
       0
       0
       0
       0
       1
       0
       0
       0
       0
       0
       0
       0
       0
       0
       0
       0
       0
       0
       0
       0
       0
       0
       0
       0
       0
       0
       1
       1
       1
       1
       0
       1
       0
       0
       1
       0
       0
       0
       0
       0
       0
       0
       0
       0
       0
       0
       0
       0
       0
       0
       1
       0
       0
       0
       2
       1
       0
       1
       0
       0
       0
       0
       0
       0
       0
       0
       1
       0
       0
       0
       0
       0
       0
       0
       0
       0
       0
       0
       0
       1
       1
       0
       0
       0
       0
       0
       0
       0
       1
       0
       0
       1
       0
       0
       0
       0
       0
       0
       0
       0
       0
       1
       0
       1
       0
       0
       1
       0
       0
       0
       0
       0
       0
       0
       0
       0
       0
       1
       0
       0
       0
       0
       1
       1
       0
       0
       0
       0
       0
       0
       0
       0
       0
       0
       0
       0
       0
       1
       0
       1
       1
       0
       0
       0
       0
       1
       0
       0
       0
       0
       0
       0
       0
       0
       0
       0
       0
       1
       0
       0
       0
       0
       0
       0
       0
       0
       0
       0
       0
       0
       0
       1
       0
       0
       0
       0
       0
       0
       1
       0
       0
       0
       0
       0
       0
       0
       0
       0
       0
       0
       0
       0
       0
       1
       1
       0
       0
       0
       0
       0
       0
       0
       0
       0
       0
       0
       0
       0
       0
       0
       0
       1
       0
       0
       0
       0
       0
       0
       0
       0
       0
       0
       0
       0
       0
       0
       1
       0
       0
       0
       0
       0
       0
       0
       0
       1
       0
       1
       0
       0
       0
       0
       0
       0
       0
       1
       0
       0
       0
       0
       1
       0
       0
       0
       0
       1
       0
       0
       0
       0
       0
       0
       0
       0
       0
       0
       0
       0
       0
       0
       0
       1
       0
       0
       0
       0
       0
       0
       1
       0
       0
       0
       0
       0
       0
       0
       0
       1
       1
       0
       0
       0
       0
       0
       0
       0
       0
       0
       0
       0
       0
       0
       0
       0
       0
       0
       0
       1
       0
       0
       0
       0
       0
       0
       0
       0
       0
       0
       0
       0
       0
       0
       0
       0
       0
       0
       0
       0
       0
       0
       0
       0
       0
       0
       0
       0
       0
       0
       0
       0
       0
       0
       0
       0
       0
       0
       0
       0
       0
       0
       0
       0
       0
       0
       0
       0
       0
       0
       0
       0
       1
       0
       0
       0
       0
       0
       0
       0
       0
       0
       0
       0
       0
       0
       0
       0
       0
       0
       0
       1
       0
       0
       0
       0
       0
       0
       0
       0
       0
       0
       0
       0
       0
       0
       0
       0
       0
       0
       0
       0
       0
       0
       0
       0
       0
       0
       0
       0
       0
       0
       1
       0
       0
       0
       0
       0
       0
       0
       0
       0
       0
       0
       0
       0
       0
       0
       0
       0
       0
       0
       0
       0
       0
       0
       0
       0
       0
       1
       0
       0
       0
       0
       0
       0
       0
       0
       0
       0
       0
       0
       0
       1
       0
       0
       0
       0
       0
       0
       0
       0
       0
       0
       0
       0
       0
       0
       0
       0
       0
       0
       0
       0
       0
       0
       0
       0
       0
       0
       0
       0
       0
       0
       0
       0
       1
       0
       0
       0
       0
       0
       0
       0
       0
       0
       0
       0
       0
       0
       0
       0
       0
       0
       0
       0
       1
       0
       0
       0
       0
       0
       0
       0
       0
       0
       1
       0
       0
       0
       0
       0
       1
       0
       0
       0
       0
       0
       0
       0
       0
       0
       0
       0
       0
       0
       0
       0
       0
       0
       0
       0
       0
       0
       0
$ROI:
2
346 479
803 817
$PRESETS:
Live Time
240
0
$ENER_FIT:
0.000000 0.000000
$MCA_CAL:
3
0.000000E+000 0.000000E+000 0.000000E+000 
$SHAPE_CAL:
3
0.000000E+000 0.000000E+000 0.000000E+000
