$SPEC_ID:
No sample description was entered.
$SPEC_REM:
DET# 17
DETDESC# WD011-05 Easy-MCA-8k SN 13260149
AP# Maestro Version 7.01
$DATE_MEA:
04/26/2017 11:36:32
$MEAS_TIM:
240 241
$DATA:
0 1023
       0
       0
       0
       0
       0
       0
       0
       0
       0
       0
       0
       0
       0
       0
       0
       0
      38
     698
     532
     492
     460
     398
     374
     333
     331
     272
     255
     237
     199
     222
     248
     233
     268
     205
     206
     228
     218
     220
     217
     228
     186
     218
     250
     225
     219
     231
     223
     232
     252
     229
     211
     237
     195
     236
     241
     230
     219
     220
     203
     223
     264
     271
     234
     206
     237
     231
     256
     238
     217
     235
     276
     258
     245
     244
     243
     240
     226
     242
     244
     215
     226
     242
     278
     238
     249
     231
     208
     229
     237
     228
     220
     240
     208
     224
     243
     226
     203
     247
     236
     269
     235
     262
     276
     298
     301
     292
     290
     318
     291
     228
     286
     284
     274
     266
     259
     242
     237
     226
     243
     214
     218
     203
     218
     218
     187
     180
     202
     185
     172
     194
     182
     176
     160
     194
     165
     170
     164
     184
     168
     173
     146
     204
     178
     157
     127
     160
     142
     162
     154
     153
     163
     164
     159
     134
     149
     128
     150
     128
     119
     136
     131
     127
     139
     136
     128
     141
     130
     117
     125
     123
     103
     139
     137
     116
     113
     122
     118
     114
     119
     127
      90
     119
     109
     121
     112
     127
     108
     110
     121
     115
     124
     113
     135
      89
     114
      81
     114
     112
      95
      94
      95
      93
     101
      90
      94
     111
     118
      98
     108
      97
      98
     113
     103
      97
      89
      95
     122
      98
     103
     102
     106
      90
      88
     110
      97
     123
     107
     116
      99
     104
      94
     109
     117
     111
     100
     106
     106
     120
     103
     102
     102
     115
      98
     104
     110
      97
     114
     114
      93
      90
     111
     104
      91
     107
     109
     114
     105
     122
     109
     100
     106
     110
     114
      90
     124
     116
     115
     118
     125
     115
     107
     110
     107
     110
     115
     111
     119
     131
     130
     102
      94
     121
     115
     107
     119
     140
     105
     108
     116
      97
     109
     111
     124
      97
     110
     108
     106
      99
     118
     114
     115
     102
      88
      72
     103
     102
      83
      65
      70
      65
      66
      61
      61
      54
      56
      49
      44
      46
      38
      40
      57
      41
      33
      39
      30
      31
      37
      24
      21
      29
      33
      27
      21
      22
      15
      16
      21
      17
      27
      19
      19
      18
      24
      24
      16
      21
      18
      17
      18
      12
      17
       8
      25
      12
      17
      11
      16
      11
      16
      15
       5
      12
      11
      15
      13
      11
       8
      11
       9
       8
       8
       8
      12
      12
       4
      15
      13
      10
       8
       9
      12
       8
      15
       7
      14
       8
       9
       8
      11
      17
       7
      12
      16
      12
      11
      14
       8
      10
      13
      18
      14
      17
      15
      14
      17
      15
      11
      19
      18
       8
      29
      16
      16
      17
      28
      24
      32
      34
      36
      32
      42
      33
      55
      58
      58
      51
      67
      72
      70
      78
      96
     103
      90
     100
     108
     115
     121
     138
     130
     124
     151
     143
     152
     156
     197
     170
     173
     161
     190
     193
     199
     168
     181
     195
     163
     174
     157
     155
     143
     145
     121
     121
     124
     117
     108
     101
      90
      73
      70
      83
      66
      56
      46
      34
      37
      40
      21
      28
      16
      17
       8
      14
      15
      20
       8
       6
       3
       5
       7
       5
       1
       1
       2
       3
       2
       1
       3
       1
       1
       1
       0
       1
       0
       0
       0
       0
       0
       0
       0
       1
       1
       0
       0
       1
       0
       0
       0
       1
       0
       0
       0
       0
       0
       0
       1
       1
       1
       2
       0
       0
       0
       1
       0
       0
       0
       0
       0
       0
       0
       0
       1
       0
       0
       0
       1
       0
       0
       0
       0
       0
       2
       0
       0
       0
       0
       0
       0
       0
       0
       0
       0
       0
       0
       0
       0
       1
       0
       1
       0
       0
       0
       0
       0
       0
       0
       0
       0
       0
       1
       0
       1
       0
       0
       1
       0
       0
       0
       0
       1
       0
       0
       0
       0
       0
       0
       1
       0
       0
       0
       0
       0
       1
       0
       0
       0
       0
       0
       0
       0
       0
       0
       0
       0
       0
       0
       0
       0
       0
       0
       0
       0
       0
       1
       0
       0
       0
       0
       0
       0
       0
       0
       0
       0
       0
       0
       0
       0
       0
       0
       0
       0
       0
       0
       0
       0
       0
       0
       0
       0
       0
       0
       0
       1
       0
       0
       0
       0
       0
       0
       0
       0
       0
       0
       0
       0
       1
       0
       0
       0
       0
       1
       0
       0
       0
       1
       0
       0
       1
       0
       0
       0
       0
       0
       1
       0
       0
       0
       0
       0
       0
       0
       0
       0
       0
       0
       0
       0
       0
       0
       0
       0
       0
       0
       0
       0
       0
       0
       0
       0
       0
       0
       0
       0
       0
       0
       0
       0
       0
       0
       1
       0
       0
       0
       0
       0
       1
       1
       0
       0
       0
       0
       0
       0
       0
       0
       1
       1
       0
       0
       0
       0
       0
       0
       2
       0
       0
       0
       0
       0
       0
       0
       0
       0
       0
       1
       0
       0
       0
       0
       0
       0
       0
       1
       0
       0
       0
       0
       0
       0
       0
       0
       0
       0
       0
       0
       0
       0
       0
       0
       0
       0
       0
       0
       0
       0
       0
       0
       0
       0
       0
       0
       0
       0
       0
       0
       0
       0
       0
       0
       0
       0
       0
       1
       0
       0
       0
       0
       0
       0
       0
       0
       0
       0
       0
       0
       0
       0
       2
       0
       1
       0
       1
       0
       0
       0
       0
       0
       0
       0
       0
       1
       1
       0
       0
       0
       0
       1
       0
       0
       0
       1
       0
       0
       0
       0
       0
       0
       0
       0
       0
       0
       0
       0
       0
       0
       0
       0
       0
       0
       0
       0
       0
       0
       0
       0
       1
       0
       0
       0
       0
       0
       0
       0
       0
       0
       1
       0
       0
       0
       0
       0
       0
       0
       0
       0
       0
       0
       0
       0
       0
       0
       0
       0
       0
       0
       0
       0
       0
       0
       0
       0
       0
       0
       0
       0
       0
       0
       0
       0
       0
       0
       0
       0
       0
       0
       0
       0
       0
       0
       0
       0
       0
       0
       0
       0
       0
       0
       0
       0
       0
       0
       0
       0
       0
       0
       0
       0
       0
       0
       0
       0
       0
       0
       0
       0
       0
       0
       0
       0
       0
       0
       0
       1
       0
       0
       0
       0
       0
       0
       0
       0
       0
       0
       0
       0
       0
       0
       0
       0
       0
       0
       0
       0
       0
       0
       0
       0
       0
       0
       0
       0
       0
       0
       0
       0
       0
       0
       0
       0
       0
       0
       0
       0
       0
       0
       0
       0
       0
       0
       0
       0
       0
       0
       0
       0
       0
       0
       0
       0
       0
       0
       0
       0
       0
       0
       0
       0
       0
       0
       0
       0
       0
       0
       0
$ROI:
2
393 489
803 817
$PRESETS:
Live Time
240
0
$ENER_FIT:
0.000000 0.000000
$MCA_CAL:
3
0.000000E+000 0.000000E+000 0.000000E+000 
$SHAPE_CAL:
3
0.000000E+000 0.000000E+000 0.000000E+000
