$SPEC_ID:
No sample description was entered.
$SPEC_REM:
DET# 17
DETDESC# WD011-05 Easy-MCA-8k SN 13260149
AP# Maestro Version 7.01
$DATE_MEA:
05/15/2017 14:41:06
$MEAS_TIM:
240 246
$DATA:
0 1023
       0
       0
       0
       0
       0
       0
       0
       0
       0
       0
       0
       0
       0
       0
       0
       1
    1099
   17204
    7444
    3163
    1253
     585
     321
     229
     169
     172
     142
     135
     133
     135
     135
     121
     137
     132
     120
     134
     131
     133
     125
     118
     123
     128
     131
     139
     134
     138
     119
     135
     135
     127
     129
     151
     113
     125
     135
     142
     112
     126
     129
     144
     117
     144
     129
     137
     144
     132
     140
     140
     123
     132
     149
     132
     154
     136
     130
     135
     122
     115
     131
     126
     130
     132
     121
      94
     116
     118
     110
     127
     125
     122
     131
     126
     116
     140
     123
     120
     121
     137
     137
     141
     128
     138
     146
     140
     143
     153
     135
     143
     145
     163
     128
     145
     139
     159
     149
     119
     134
     121
     116
     109
     117
     118
     106
     114
     104
      97
      99
      88
      95
     105
      85
      91
      91
      78
     104
      89
      77
      85
      87
      96
      94
      81
      74
      79
      75
      82
      93
      90
      65
      93
      76
      76
      73
      64
      71
      74
      81
      72
      60
      70
      60
      49
      69
      86
      67
      75
      59
      55
      61
      57
      61
      78
      55
      59
      65
      65
      56
      63
      65
      56
      56
      52
      60
      67
      54
      63
      56
      60
      58
      55
      65
      82
      51
      56
      51
      68
      67
      64
      54
      58
      69
      59
      65
      54
      53
      56
      45
      54
      50
      40
      49
      56
      57
      58
      54
      53
      47
      46
      52
      60
      48
      60
      46
      66
      47
      57
      51
      64
      46
      71
      66
      60
      53
      52
      59
      62
      66
      50
      58
      61
      44
      61
      64
      57
      60
      57
      62
      60
      60
      61
      58
      56
      63
      69
      57
      63
      69
      52
      65
      60
      53
      65
      52
      54
      57
      67
      59
      73
      80
      75
      56
      58
      53
      69
      62
      45
      49
      59
      51
      58
      53
      42
      58
      50
      56
      54
      56
      46
      51
      38
      55
      44
      55
      55
      42
      32
      33
      39
      30
      38
      31
      26
      21
      20
      32
      20
      29
      28
      24
      23
      22
      26
      21
      19
      17
      17
      12
      14
       9
      14
      13
      13
      10
       5
      12
      16
      11
       7
       7
       9
       5
      16
       8
       6
       2
       6
      12
       9
      11
       7
       6
       8
       6
       6
       9
       5
       7
       4
       6
       9
       5
       6
       6
       4
       6
       3
       7
       3
       8
       7
       6
       5
       3
       3
       7
       4
       0
       6
       5
       4
       5
       4
       5
       5
       8
       4
       8
       3
       9
       4
       5
       1
       4
       6
       5
       4
      13
       5
      11
       6
       7
      10
      12
       7
      17
      10
      19
      11
      13
      22
      14
      19
      14
      29
      24
      20
      25
      32
      39
      30
      40
      34
      46
      41
      45
      56
      56
      59
      71
      60
      81
      80
      71
      77
      78
      77
      88
      84
      95
      92
      95
      84
      86
      93
      92
      89
      89
      67
      85
      72
      76
      75
      70
      70
      70
      49
      56
      46
      46
      30
      41
      40
      31
      28
      23
      12
      16
      20
      15
      16
       7
       6
      13
       5
       5
       8
       4
       0
       3
       5
       0
       0
       1
       2
       1
       0
       2
       1
       1
       0
       0
       1
       1
       0
       0
       0
       0
       0
       0
       0
       0
       1
       0
       0
       0
       0
       0
       0
       0
       0
       1
       0
       0
       0
       0
       0
       0
       1
       1
       0
       0
       0
       0
       0
       0
       0
       0
       0
       0
       0
       1
       0
       0
       1
       0
       0
       0
       0
       2
       0
       0
       1
       0
       0
       0
       0
       0
       0
       1
       0
       0
       0
       0
       0
       0
       1
       0
       0
       0
       0
       0
       0
       0
       0
       0
       0
       0
       0
       0
       0
       0
       1
       0
       0
       0
       0
       0
       0
       0
       0
       0
       0
       0
       0
       0
       0
       0
       0
       0
       0
       0
       0
       0
       0
       0
       0
       0
       0
       1
       0
       0
       0
       0
       0
       0
       0
       0
       1
       0
       0
       0
       0
       0
       0
       0
       0
       0
       0
       0
       0
       0
       1
       1
       0
       0
       0
       0
       1
       1
       0
       0
       0
       0
       0
       0
       0
       0
       0
       0
       0
       0
       0
       0
       0
       0
       0
       0
       0
       0
       0
       1
       0
       0
       0
       1
       0
       0
       0
       0
       0
       0
       0
       0
       0
       0
       0
       0
       0
       0
       0
       0
       1
       0
       0
       0
       0
       0
       0
       1
       0
       0
       0
       0
       0
       0
       0
       0
       0
       0
       0
       1
       0
       1
       0
       1
       0
       0
       0
       0
       0
       0
       0
       0
       0
       0
       0
       0
       0
       0
       0
       0
       0
       0
       0
       0
       0
       0
       0
       0
       0
       0
       0
       0
       0
       0
       1
       0
       0
       1
       1
       0
       0
       0
       0
       1
       0
       0
       1
       0
       0
       0
       0
       0
       0
       0
       1
       0
       0
       0
       1
       0
       0
       0
       0
       0
       0
       0
       0
       0
       0
       0
       2
       0
       0
       0
       0
       0
       1
       0
       0
       0
       1
       0
       0
       0
       0
       0
       0
       0
       0
       0
       0
       0
       2
       0
       0
       0
       0
       0
       0
       0
       1
       0
       0
       0
       0
       0
       1
       0
       0
       0
       0
       0
       0
       0
       0
       0
       0
       0
       0
       0
       0
       0
       0
       0
       0
       0
       0
       0
       0
       0
       0
       0
       0
       0
       0
       0
       1
       0
       0
       0
       0
       0
       0
       0
       0
       0
       0
       0
       0
       0
       0
       0
       0
       0
       1
       0
       0
       0
       0
       0
       0
       0
       0
       0
       0
       0
       0
       0
       0
       0
       0
       0
       0
       0
       0
       0
       0
       1
       0
       0
       0
       0
       0
       0
       0
       0
       0
       0
       0
       0
       0
       0
       0
       0
       0
       0
       0
       0
       0
       0
       0
       0
       0
       0
       0
       0
       0
       0
       0
       0
       0
       0
       0
       0
       0
       0
       0
       0
       0
       0
       0
       0
       0
       0
       0
       0
       0
       0
       0
       0
       0
       0
       0
       0
       0
       0
       0
       0
       0
       0
       0
       0
       0
       0
       0
       0
       0
       0
       0
       0
       0
       0
       0
       0
       0
       0
       0
       0
       0
       0
       0
       0
       0
       0
       0
       0
       0
       0
       0
       1
       0
       0
       0
       0
       0
       0
       0
       0
       1
       0
       0
       0
       0
       0
       0
       0
       0
       0
       0
       0
       0
       0
       0
       0
       0
       0
       0
       0
       0
       0
       0
       0
       0
       0
       0
       0
       0
       1
       0
       0
       0
       1
       0
       0
       0
       0
       0
       0
       0
       0
       0
       0
       0
       0
       0
       0
       0
       0
       0
       0
       0
       0
       0
       0
       0
       0
       0
       0
       0
       0
       0
       0
       0
$ROI:
1
356 496
$PRESETS:
Live Time
240
0
$ENER_FIT:
0.000000 0.000000
$MCA_CAL:
3
0.000000E+000 0.000000E+000 0.000000E+000 
$SHAPE_CAL:
3
0.000000E+000 0.000000E+000 0.000000E+000
