$SPEC_ID:
No sample description was entered.
$SPEC_REM:
DET# 17
DETDESC# WD011-05 Easy-MCA-8k SN 13260149
AP# Maestro Version 7.01
$DATE_MEA:
05/15/2017 12:26:11
$MEAS_TIM:
240 248
$DATA:
0 1023
       0
       0
       0
       0
       0
       0
       0
       0
       0
       0
       0
       0
       0
       0
       0
       0
    1596
   24670
   11598
    4938
    2086
     910
     503
     309
     225
     191
     174
     145
     139
     133
     134
     129
     126
     126
     130
     142
     124
     149
     134
     132
     155
     124
     136
     139
     145
     138
     153
     129
     145
     133
     134
     134
     161
     127
     133
     127
     137
     131
     132
     130
     142
     126
     126
     148
     134
     132
     136
     140
     143
     147
     122
     131
     128
     133
     148
     147
     145
     140
     125
     130
     128
     167
     128
     117
     131
     120
     116
     138
     124
     120
     137
     125
     115
     143
     122
     152
     125
     124
     150
     150
     163
     162
     154
     175
     134
     147
     140
     190
     177
     142
     149
     142
     145
     145
     141
     142
     120
     144
     118
     119
     115
     103
     124
     128
     116
     117
     122
     105
     107
      95
     102
     109
      84
     102
      98
      99
      89
      80
     107
     110
     110
      99
      97
      81
      88
      93
     102
      78
      85
      76
      85
      74
      80
      81
      75
      86
      60
      81
      81
      67
      72
      59
      61
      67
      74
      71
      79
      77
      74
      72
      71
      61
      86
      75
      80
      62
      63
      62
      70
      72
      61
      73
      55
      57
      56
      58
      66
      64
      68
      51
      53
      58
      52
      52
      66
      61
      64
      50
      60
      55
      70
      53
      66
      67
      54
      47
      58
      65
      54
      58
      55
      65
      59
      53
      59
      53
      53
      59
      50
      67
      60
      50
      58
      68
      62
      40
      52
      66
      63
      51
      70
      45
      57
      59
      50
      59
      62
      46
      69
      70
      67
      66
      60
      57
      57
      67
      73
      71
      74
      62
      46
      66
      67
      77
      58
      63
      60
      50
      71
      56
      62
      64
      66
      60
      60
      61
      77
      61
      83
      69
      69
      57
      88
      58
      82
      57
      65
      49
      64
      58
      57
      58
      59
      59
      66
      50
      49
      45
      44
      52
      55
      41
      28
      40
      47
      50
      44
      36
      34
      28
      43
      39
      36
      21
      21
      21
      22
      26
      24
      17
      28
      17
      13
      18
      22
      18
      11
      25
       8
      19
      17
      18
      12
      13
      11
      13
       9
       9
      10
       8
      13
       5
      10
       6
      11
       6
      10
      10
       6
       8
       6
      13
      10
       5
      10
       8
       7
       8
       4
       7
       5
       4
      11
       4
       2
       4
       4
       2
       5
       5
       2
       7
       8
       5
       1
       1
       8
       5
       4
       6
       9
       7
       6
      11
       7
       8
       4
       5
       7
       8
       3
      11
       5
       9
       8
       6
       6
      15
       8
      12
       9
      13
      10
      12
       8
      26
      15
      14
      20
      24
      18
      24
      18
      22
      25
      31
      28
      31
      33
      45
      39
      42
      50
      65
      49
      71
      69
      68
      68
      89
      89
      89
      73
     113
     103
     101
      88
     108
     110
      98
     108
     123
     100
      95
     120
      98
      84
      93
      84
      85
      70
      66
      67
      62
      59
      48
      54
      36
      40
      34
      28
      24
      21
      28
      21
      21
      22
      11
       9
      15
       9
      10
       7
       6
       4
       3
       6
       5
       7
       5
       1
       3
       3
       2
       1
       3
       1
       0
       0
       0
       0
       1
       0
       1
       2
       0
       1
       0
       0
       0
       0
       0
       0
       0
       0
       1
       0
       1
       0
       0
       0
       0
       0
       0
       1
       0
       1
       0
       1
       0
       0
       0
       0
       0
       0
       0
       0
       0
       0
       1
       0
       1
       0
       0
       0
       0
       0
       0
       0
       1
       0
       0
       0
       1
       0
       0
       0
       1
       1
       0
       0
       1
       0
       0
       0
       0
       0
       1
       0
       0
       0
       1
       0
       0
       0
       0
       0
       1
       1
       0
       0
       0
       0
       1
       0
       0
       0
       0
       0
       1
       0
       0
       1
       0
       0
       0
       0
       0
       0
       0
       0
       0
       0
       0
       0
       0
       0
       0
       0
       0
       0
       0
       0
       0
       0
       0
       0
       0
       0
       0
       2
       1
       1
       0
       0
       0
       2
       0
       0
       0
       0
       0
       0
       0
       0
       0
       0
       0
       0
       0
       0
       0
       0
       0
       0
       2
       0
       0
       0
       0
       0
       1
       0
       0
       0
       0
       0
       0
       0
       1
       0
       0
       0
       0
       0
       0
       0
       0
       0
       1
       0
       0
       0
       0
       0
       0
       0
       0
       0
       0
       0
       0
       0
       0
       0
       0
       0
       0
       0
       0
       0
       0
       0
       0
       0
       0
       0
       0
       0
       0
       0
       0
       0
       0
       1
       0
       0
       0
       0
       0
       0
       0
       0
       1
       0
       0
       0
       0
       0
       1
       1
       0
       0
       0
       0
       0
       1
       0
       0
       0
       2
       0
       0
       0
       0
       0
       1
       0
       0
       0
       0
       0
       0
       0
       0
       0
       0
       0
       0
       0
       0
       0
       0
       0
       0
       0
       0
       0
       0
       0
       0
       0
       0
       0
       0
       0
       0
       0
       0
       0
       0
       0
       0
       0
       0
       0
       0
       0
       0
       0
       0
       0
       0
       0
       0
       0
       0
       0
       1
       1
       0
       0
       0
       0
       1
       0
       0
       0
       0
       0
       0
       0
       0
       0
       0
       0
       0
       0
       0
       0
       0
       0
       0
       0
       0
       0
       0
       0
       0
       0
       0
       1
       0
       0
       1
       0
       0
       0
       0
       0
       0
       0
       0
       0
       0
       0
       0
       0
       0
       0
       0
       0
       0
       0
       0
       0
       0
       0
       0
       0
       0
       0
       0
       0
       0
       1
       1
       0
       0
       0
       0
       0
       1
       0
       0
       0
       0
       0
       0
       0
       0
       0
       0
       0
       0
       0
       0
       0
       0
       0
       0
       0
       0
       0
       0
       0
       0
       0
       0
       0
       0
       0
       0
       0
       0
       0
       0
       0
       0
       0
       0
       0
       0
       0
       0
       0
       0
       0
       0
       0
       0
       0
       0
       0
       0
       0
       0
       0
       0
       0
       0
       0
       0
       0
       0
       0
       0
       0
       0
       0
       0
       0
       0
       0
       0
       0
       0
       0
       0
       0
       0
       0
       1
       0
       0
       0
       0
       0
       0
       0
       0
       0
       0
       0
       0
       0
       0
       0
       0
       0
       0
       0
       0
       0
       0
       0
       0
       0
       0
       0
       0
       0
       0
       0
       0
       0
       0
       0
       0
       0
       0
       0
       0
       0
       0
       0
       0
       0
       0
       0
       0
       0
       0
       0
       0
       0
       0
       0
       0
       0
       0
       0
       0
       0
       0
       1
       0
       0
       0
       0
       0
       0
       0
       0
       0
       0
       0
       0
       0
       0
       0
       0
       0
       0
       0
       0
       0
       0
       0
       0
       0
       0
       0
       0
       0
       0
       0
       0
       0
       0
       0
       0
       0
       0
$ROI:
1
356 496
$PRESETS:
Live Time
240
0
$ENER_FIT:
0.000000 0.000000
$MCA_CAL:
3
0.000000E+000 0.000000E+000 0.000000E+000 
$SHAPE_CAL:
3
0.000000E+000 0.000000E+000 0.000000E+000
