$SPEC_ID:
No sample description was entered.
$SPEC_REM:
DET# 17
DETDESC# WD011-05 Easy-MCA-8k SN 13260149
AP# Maestro Version 7.01
$DATE_MEA:
05/15/2017 14:12:46
$MEAS_TIM:
240 246
$DATA:
0 1023
       0
       0
       0
       0
       0
       0
       0
       0
       0
       0
       0
       0
       0
       0
       0
       0
    1000
   14545
    6274
    2577
    1085
     497
     260
     223
     185
     180
     160
     131
     118
     116
     110
     118
     123
     110
     106
     114
     131
     113
     115
     109
     113
     121
     129
      97
     119
     111
     130
     122
     132
     129
     122
     126
     126
     125
     116
     132
     139
     142
     130
     147
     142
     157
     131
     138
     147
     122
     133
     128
     163
     126
     131
     154
     130
     126
     126
     130
     119
     139
     112
     129
     131
     112
     119
     108
     125
     149
     127
     122
     108
     128
     130
      97
     109
     102
     112
     130
     113
     124
     128
     138
     119
     148
     149
     128
     142
     133
     150
     141
     135
     136
     143
     158
     148
     124
     123
     132
     122
     125
     119
     117
     125
     109
     108
      92
     111
     110
      92
      94
     106
     112
      95
      97
      98
      92
      74
      78
      91
     103
      93
      95
      93
      88
      98
      88
      82
      71
      70
      87
      76
      80
      83
      92
      93
      82
      79
      67
      64
      70
      71
      67
      59
      70
      76
      51
      66
      73
      71
      70
      75
      73
      48
      77
      71
      53
      59
      55
      56
      62
      57
      61
      62
      53
      63
      60
      68
      71
      47
      63
      54
      62
      63
      57
      50
      50
      49
      55
      56
      59
      62
      45
      59
      58
      49
      52
      49
      60
      70
      52
      49
      50
      71
      61
      60
      46
      39
      57
      47
      56
      59
      61
      72
      38
      63
      64
      47
      55
      48
      56
      48
      47
      49
      57
      51
      66
      36
      50
      51
      39
      65
      44
      57
      42
      45
      57
      66
      64
      62
      61
      56
      78
      56
      48
      54
      50
      46
      43
      42
      62
      44
      47
      63
      57
      58
      64
      67
      72
      70
      68
      54
      64
      63
      56
      49
      58
      60
      65
      58
      59
      58
      48
      56
      59
      52
      36
      57
      66
      54
      48
      50
      54
      53
      57
      48
      50
      56
      55
      56
      55
      41
      46
      58
      42
      57
      28
      45
      46
      45
      39
      41
      44
      31
      39
      22
      27
      21
      29
      20
      16
      21
      35
      19
      17
      20
      19
      13
       8
      19
      13
      15
      14
      11
      12
      12
       6
      11
      12
       4
      18
      12
      10
      10
      14
       7
       8
      11
      12
       6
      10
       6
      13
       6
      11
       7
       5
       5
       9
       9
      11
       3
       7
       6
       6
       8
       6
       3
       8
       7
       7
       6
       7
       5
       4
       7
       6
       8
       4
       3
       7
       7
       2
       5
       6
       3
       5
       4
       3
       4
       3
       6
       5
       4
       6
       3
       6
      13
       3
       1
       6
      11
       6
       6
       5
       9
       9
       8
       7
       6
      12
      16
       9
      15
      13
      14
      16
       8
      17
      15
      19
      19
      19
      23
      30
      28
      33
      36
      38
      33
      49
      43
      42
      47
      50
      58
      63
      69
      73
      68
      89
      96
      84
      75
      83
      90
      94
      85
      96
      98
     106
      84
     108
      92
      93
      90
      78
      79
      76
      38
      61
      67
      69
      48
      49
      55
      53
      47
      44
      32
      30
      30
      18
      28
      22
      14
      13
      24
      12
       4
      13
      12
      10
       7
       7
       7
       5
       2
       2
       3
       2
       3
       2
       3
       0
       1
       0
       2
       1
       4
       1
       1
       0
       0
       1
       0
       1
       0
       0
       0
       0
       0
       1
       0
       0
       0
       0
       0
       1
       0
       0
       2
       0
       0
       0
       0
       0
       1
       1
       0
       0
       1
       0
       0
       0
       1
       0
       1
       0
       0
       0
       0
       0
       1
       0
       1
       1
       0
       0
       1
       1
       0
       0
       0
       0
       0
       0
       0
       2
       0
       0
       0
       0
       1
       1
       0
       0
       0
       0
       0
       0
       0
       0
       0
       0
       0
       0
       0
       0
       0
       0
       0
       0
       1
       0
       0
       0
       0
       0
       0
       0
       0
       0
       0
       0
       1
       0
       0
       1
       0
       1
       0
       0
       0
       1
       0
       0
       1
       0
       0
       0
       0
       0
       0
       0
       0
       0
       1
       0
       0
       0
       0
       0
       0
       0
       0
       0
       0
       1
       0
       0
       0
       0
       0
       0
       0
       0
       0
       0
       0
       1
       1
       0
       0
       0
       0
       0
       0
       0
       0
       0
       0
       0
       0
       0
       0
       0
       0
       0
       0
       0
       0
       0
       1
       0
       0
       0
       0
       0
       0
       1
       0
       0
       0
       0
       0
       0
       0
       0
       0
       0
       0
       0
       0
       0
       0
       0
       0
       1
       0
       0
       0
       0
       0
       0
       0
       1
       0
       0
       0
       0
       0
       0
       0
       0
       0
       0
       0
       0
       0
       0
       0
       0
       0
       0
       0
       0
       0
       0
       0
       0
       0
       0
       1
       0
       0
       0
       0
       0
       0
       0
       0
       0
       0
       0
       0
       0
       0
       0
       0
       1
       0
       0
       0
       1
       0
       0
       1
       0
       0
       0
       0
       0
       0
       0
       0
       0
       0
       0
       0
       0
       0
       0
       0
       0
       0
       0
       0
       0
       0
       0
       0
       0
       0
       0
       0
       0
       0
       0
       0
       1
       0
       0
       0
       0
       0
       0
       0
       0
       0
       0
       0
       0
       0
       0
       0
       0
       0
       0
       0
       0
       0
       0
       0
       1
       0
       0
       0
       0
       0
       0
       0
       0
       0
       0
       0
       0
       0
       0
       0
       0
       0
       0
       0
       0
       0
       0
       0
       0
       0
       1
       0
       0
       0
       0
       0
       0
       0
       0
       0
       0
       0
       0
       0
       0
       0
       0
       0
       0
       0
       0
       0
       0
       0
       0
       0
       0
       0
       0
       0
       0
       0
       0
       0
       0
       0
       0
       0
       0
       0
       0
       0
       0
       0
       0
       0
       0
       0
       0
       1
       0
       0
       0
       0
       0
       0
       0
       0
       0
       0
       0
       0
       0
       0
       0
       0
       0
       0
       0
       0
       1
       0
       0
       0
       0
       0
       0
       0
       0
       0
       0
       0
       0
       0
       0
       0
       0
       0
       0
       0
       0
       0
       0
       0
       0
       0
       0
       0
       0
       0
       0
       0
       0
       0
       0
       0
       0
       0
       0
       0
       0
       0
       0
       0
       0
       0
       0
       0
       0
       0
       1
       0
       0
       0
       0
       0
       0
       0
       0
       0
       0
       0
       0
       0
       0
       0
       0
       0
       0
       0
       0
       0
       0
       0
       0
       0
       0
       0
       0
       0
       0
       0
       0
       0
       0
       0
       0
       0
       0
       0
       0
       0
       0
       1
       0
       0
       0
       0
       0
       0
       0
       0
       0
       0
       0
       0
       0
       0
       0
       0
       0
       0
       0
       0
       0
       0
       0
       0
       0
       0
       0
       0
       0
       0
       0
       0
       0
$ROI:
1
356 496
$PRESETS:
Live Time
240
0
$ENER_FIT:
0.000000 0.000000
$MCA_CAL:
3
0.000000E+000 0.000000E+000 0.000000E+000 
$SHAPE_CAL:
3
0.000000E+000 0.000000E+000 0.000000E+000
