$SPEC_ID:
No sample description was entered.
$SPEC_REM:
DET# 17
DETDESC# WD011-05 Easy-MCA-8k SN 13260149
AP# Maestro Version 7.01
$DATE_MEA:
05/15/2017 14:26:35
$MEAS_TIM:
240 246
$DATA:
0 1023
       0
       0
       0
       0
       0
       0
       0
       0
       0
       0
       0
       0
       0
       0
       0
       0
    1072
   17512
    7787
    3208
    1344
     576
     312
     211
     215
     162
     137
     148
     133
     124
     113
     134
     136
     122
     118
     129
     109
     120
     105
     129
     129
     132
     137
     138
     133
     132
     123
     131
     159
     130
     143
     138
     135
     138
     125
     131
     143
     114
     132
     127
     119
     138
     128
     137
     127
     129
     107
     137
     115
     147
     150
     138
     145
     126
     117
     130
     127
     134
     142
     124
     133
     128
     131
     164
     118
     106
     122
     121
     115
     100
     114
     107
     118
     138
     119
     133
     119
     132
     120
     139
     133
     137
     147
     144
     144
     123
     158
     149
     148
     142
     158
     156
     136
     132
     151
     130
     125
     131
     135
     123
     112
      99
     119
     100
     111
      84
     105
      95
      99
     102
      82
      80
      93
     106
      93
      90
      97
      86
      82
      91
      93
      96
     108
      87
      76
      94
      92
     102
      84
      81
      83
      73
      75
      72
      68
      67
      69
      86
      76
      75
      64
      60
      70
      68
      65
      64
      73
      58
      68
      65
      60
      77
      71
      72
      60
      57
      67
      66
      63
      66
      52
      60
      66
      66
      52
      59
      63
      42
      57
      49
      43
      48
      69
      72
      66
      61
      65
      48
      63
      75
      55
      55
      57
      66
      58
      66
      62
      51
      48
      57
      44
      45
      55
      40
      48
      49
      46
      51
      56
      52
      52
      50
      47
      66
      41
      53
      40
      55
      50
      63
      44
      64
      50
      59
      69
      55
      59
      59
      61
      61
      52
      64
      74
      61
      53
      70
      67
      63
      63
      48
      49
      45
      59
      51
      60
      58
      53
      43
      70
      58
      42
      63
      51
      48
      67
      52
      67
      59
      60
      68
      50
      50
      57
      68
      67
      53
      49
      63
      58
      70
      68
      57
      72
      69
      53
      53
      53
      51
      56
      50
      48
      47
      33
      34
      36
      43
      50
      31
      31
      37
      41
      33
      21
      37
      26
      27
      30
      28
      26
      21
      21
      22
      23
      16
      22
      17
      24
      13
      13
      21
       9
      13
      12
      14
      15
      18
       9
       9
       7
      13
      11
      10
      15
      15
       8
       8
       7
      13
       9
      11
       7
       7
       8
      10
       6
      14
       7
       1
       9
       8
       4
       9
      10
       8
       8
       9
       5
       5
       1
       6
      11
      11
       8
      10
       7
       4
       5
       3
       4
       2
       7
       5
       4
       4
       0
       2
      10
       5
       5
       4
       5
       6
       8
       6
       6
       5
       9
       9
       4
       8
      15
       5
       6
       4
       7
      10
       4
      12
      14
      13
      21
      16
      11
      17
      19
      15
      16
      26
      17
      23
      25
      36
      49
      29
      36
      40
      35
      48
      48
      52
      46
      67
      66
      72
      76
      74
      86
      85
      80
      88
      82
      88
     102
     101
     100
     113
      89
      89
      73
      96
     112
      78
      77
      82
      83
      72
      73
      55
      69
      47
      50
      42
      46
      46
      33
      38
      32
      37
      26
      24
      19
      22
      15
      13
      17
      14
      11
       8
      11
       9
       4
       4
       6
       4
       1
       2
       0
       0
       0
       2
       0
       1
       2
       0
       0
       0
       0
       2
       1
       1
       0
       0
       1
       0
       0
       0
       0
       0
       0
       0
       0
       0
       0
       0
       0
       1
       0
       0
       0
       0
       0
       1
       0
       1
       0
       0
       0
       0
       0
       0
       0
       0
       0
       0
       1
       0
       0
       0
       0
       0
       0
       0
       0
       1
       1
       0
       0
       1
       0
       0
       0
       1
       1
       0
       1
       0
       0
       0
       0
       0
       0
       1
       0
       0
       0
       0
       0
       0
       0
       0
       0
       0
       0
       0
       0
       0
       0
       0
       0
       0
       0
       0
       0
       1
       0
       1
       0
       0
       0
       0
       0
       0
       0
       0
       0
       0
       0
       0
       0
       0
       0
       0
       0
       0
       0
       0
       0
       1
       0
       0
       0
       0
       1
       1
       0
       1
       0
       0
       0
       1
       0
       1
       0
       0
       0
       0
       0
       1
       0
       0
       0
       0
       0
       0
       0
       0
       0
       0
       0
       0
       0
       0
       0
       0
       0
       0
       0
       0
       0
       0
       0
       0
       0
       0
       0
       0
       0
       0
       0
       0
       0
       1
       1
       1
       0
       0
       0
       1
       0
       0
       0
       0
       0
       0
       0
       0
       0
       0
       0
       1
       0
       1
       0
       0
       0
       0
       0
       0
       0
       0
       0
       0
       0
       0
       0
       0
       0
       0
       0
       0
       0
       1
       0
       0
       0
       0
       0
       0
       0
       0
       0
       0
       0
       0
       0
       1
       0
       0
       0
       0
       0
       0
       0
       0
       0
       0
       0
       0
       0
       0
       0
       0
       0
       0
       0
       0
       0
       0
       0
       0
       0
       0
       0
       1
       0
       0
       0
       0
       0
       0
       0
       0
       0
       0
       0
       0
       0
       0
       0
       0
       0
       0
       0
       0
       0
       0
       0
       0
       0
       0
       0
       0
       0
       0
       0
       0
       1
       0
       0
       0
       0
       0
       0
       0
       0
       0
       0
       0
       0
       0
       0
       0
       0
       0
       0
       0
       0
       0
       0
       0
       0
       0
       0
       0
       0
       0
       0
       0
       0
       0
       0
       0
       0
       0
       0
       0
       0
       0
       0
       1
       0
       0
       0
       0
       0
       0
       0
       0
       0
       0
       0
       0
       0
       1
       0
       0
       0
       0
       0
       0
       1
       0
       0
       0
       0
       0
       0
       0
       0
       0
       0
       0
       0
       0
       0
       0
       0
       0
       0
       0
       0
       0
       0
       0
       0
       1
       0
       0
       0
       0
       0
       0
       0
       0
       0
       0
       0
       0
       0
       0
       1
       0
       0
       0
       0
       0
       0
       0
       0
       0
       0
       0
       0
       0
       0
       1
       0
       1
       0
       0
       0
       0
       0
       0
       0
       0
       0
       0
       0
       0
       0
       0
       0
       0
       0
       0
       0
       0
       0
       0
       0
       0
       0
       0
       0
       0
       0
       0
       1
       0
       0
       0
       0
       0
       0
       0
       0
       0
       0
       0
       0
       0
       0
       0
       0
       0
       0
       0
       0
       0
       0
       0
       0
       0
       0
       0
       0
       0
       0
       0
       0
       0
       0
       0
       0
       0
       0
       0
       0
       0
       0
       0
       0
       0
       0
       0
       0
       0
       0
       0
       0
       0
       0
       0
       0
       0
       0
       0
       0
       0
       0
       0
       0
       0
       0
       0
       0
       0
       1
       0
       0
       0
       0
       0
       0
       0
       0
       0
       0
       0
       0
       0
       0
       0
       0
       0
       0
       0
       0
       0
       0
       0
       0
       0
       0
       0
       0
       0
       0
       0
       0
       0
       0
       0
$ROI:
1
356 496
$PRESETS:
Live Time
240
0
$ENER_FIT:
0.000000 0.000000
$MCA_CAL:
3
0.000000E+000 0.000000E+000 0.000000E+000 
$SHAPE_CAL:
3
0.000000E+000 0.000000E+000 0.000000E+000
