$SPEC_ID:
No sample description was entered.
$SPEC_REM:
DET# 17
DETDESC# WD011-05 Easy-MCA-8k SN 13260149
AP# Maestro Version 7.01
$DATE_MEA:
05/15/2017 12:40:35
$MEAS_TIM:
3600 3700
$DATA:
0 1023
       0
       0
       0
       0
       0
       0
       0
       0
       0
       0
       0
       0
       0
       0
       0
      10
   17035
  261788
  116147
   45812
   17457
    6317
    2199
     878
     370
     287
     206
     153
     162
     168
     150
     140
     139
     155
     151
     176
     176
     186
     193
     190
     204
     219
     215
     223
     242
     221
     215
     211
     235
     237
     218
     239
     243
     242
     228
     260
     218
     237
     221
     190
     190
     209
     229
     185
     204
     205
     190
     201
     158
     197
     182
     200
     182
     178
     184
     162
     176
     145
     145
     160
     143
     155
     152
     142
     112
     137
     142
     122
     117
     112
     111
     123
     105
     105
     126
      99
     100
      92
      92
     104
      83
      97
      66
      93
     101
      89
      75
      79
      76
      72
      63
      80
      80
      67
      58
      76
      45
      55
      56
      52
      49
      51
      40
      48
      40
      40
      41
      43
      34
      32
      38
      38
      36
      39
      36
      39
      38
      42
      32
      25
      27
      35
      42
      23
      24
      31
      27
      17
      22
      34
      15
      23
      27
      23
      23
      18
      16
      24
      18
      19
      22
      18
      15
      27
      22
      14
      12
      14
      11
      18
      23
      18
      25
      15
      20
      16
      17
      15
       9
      13
       6
      12
      13
      11
      18
      10
      17
      13
      16
       6
      11
      19
      11
       8
      13
       9
      11
      11
      14
      11
      11
      13
       9
      10
      13
      10
       9
      10
      13
       5
       9
       8
       4
      17
      13
       8
      11
      12
      13
      12
       6
      14
       6
      12
       8
      10
       5
       8
      10
      11
       4
      12
       9
      11
      10
       8
      14
      12
       8
      10
       8
       7
       6
       8
       7
      13
       7
       8
       8
      11
       8
       5
       3
      10
       5
       9
       4
       6
       4
       7
       2
       8
       9
       5
       5
       5
       5
       4
       4
       6
       7
       8
       7
       2
       5
       6
       7
       5
       7
       2
      11
       7
       5
       4
       5
       5
       8
       2
       6
       7
       4
       4
       9
       8
       7
       6
       3
       8
       5
       6
      10
       6
       6
      10
       6
       6
       3
       4
       9
       4
       4
       4
       5
       4
       4
      10
       3
       5
       6
       4
       3
      12
       5
       6
       2
       3
       3
       2
       5
       5
       2
       4
       3
       5
       3
       7
       3
       3
       5
       6
       3
       4
       3
       9
      10
       8
       3
       5
       3
       6
       6
       2
       2
       4
       3
       2
       6
       3
       5
       6
       3
       5
       3
       7
       6
      11
       5
       6
       4
       3
       2
       2
       4
       3
       3
       2
      10
       2
       3
       3
       3
       3
       2
       3
       3
       3
       4
       3
       3
       4
       3
       7
       7
       3
       4
       2
       8
       7
       6
       3
       6
       3
       1
       5
       7
       5
       2
       6
       5
       3
       4
       4
       4
       5
       6
       3
       5
       6
       3
       4
       3
       6
       5
       7
       4
       1
       3
       6
       3
       4
       2
       2
       2
       3
       1
       2
       5
       1
       1
       3
       0
       2
       4
       3
       1
       3
       4
       2
       0
       2
       1
       2
       4
       2
       0
       6
       3
       3
       2
       2
       4
       4
       6
       2
       0
       2
       2
       4
       4
       2
       0
       2
       2
       4
       3
       3
       1
       2
       0
       1
       1
       3
       4
       1
       4
       3
       1
       1
       4
       0
       1
       2
       3
       3
       4
       1
       1
       1
       4
       1
       1
       2
       0
       2
       0
       4
       0
       3
       3
       1
       4
       1
       3
       2
       3
       2
       3
       3
       1
       3
       3
       4
       5
       2
       1
       3
       2
       2
       2
       1
       1
       4
       5
       1
       2
       6
       0
       2
       2
       2
       4
       4
       4
       2
       2
       1
       1
       0
       4
       2
       2
       3
       3
       1
       2
       1
       2
       5
       1
       5
       1
       3
       5
       3
       2
       1
       1
       2
       1
       0
       2
       0
       0
       1
       3
       3
       1
       1
       1
       1
       2
       0
       3
       3
       3
       3
       2
       1
       1
       2
       0
       0
       1
       0
       4
       3
       0
       0
       1
       3
       0
       2
       2
       2
       3
       2
       0
       2
       0
       2
       2
       0
       3
       3
       0
       4
       2
       2
       3
       1
       2
       1
       3
       2
       0
       3
       2
       2
       3
       3
       2
       1
       2
       1
       5
       2
       2
       1
       2
       2
       1
       3
       4
       1
       6
       2
       0
       0
       0
       3
       1
       2
       1
       0
       4
       2
       2
       1
       1
       1
       5
       0
       2
       3
       1
       0
       4
       1
       2
       3
       6
       2
       2
       1
       4
       1
       3
       0
       2
       0
       2
       2
       1
       1
       2
       2
       3
       1
       2
       2
       1
       0
       0
       0
       1
       0
       2
       3
       3
       1
       2
       2
       0
       1
       2
       2
       1
       1
       0
       1
       1
       0
       1
       2
       1
       1
       2
       0
       2
       2
       0
       2
       1
       0
       0
       2
       2
       2
       0
       1
       1
       1
       1
       0
       0
       5
       0
       2
       3
       1
       4
       1
       5
       0
       0
       0
       0
       2
       3
       1
       1
       3
       0
       1
       0
       2
       2
       1
       1
       0
       1
       0
       1
       3
       3
       2
       0
       0
       5
       1
       0
       0
       1
       1
       1
       4
       3
       3
       4
       0
       2
       4
       3
       0
       2
       0
       2
       4
       3
       1
       0
       1
       4
       3
       1
       1
       3
       0
       1
       0
       0
       3
       0
       1
       3
       1
       2
       2
       1
       1
       2
       1
       1
       2
       0
       0
       0
       5
       1
       1
       1
       1
       0
       2
       1
       1
       2
       1
       2
       1
       0
       3
       2
       1
       1
       2
       1
       1
       0
       1
       0
       1
       3
       1
       2
       2
       0
       0
       1
       0
       0
       2
       1
       2
       2
       0
       2
       0
       1
       1
       2
       1
       2
       1
       0
       1
       0
       0
       0
       2
       2
       1
       1
       0
       1
       2
       0
       0
       2
       3
       4
       0
       1
       0
       0
       0
       1
       0
       1
       1
       2
       2
       0
       1
       0
       0
       0
       2
       1
       0
       1
       1
       1
       1
       0
       0
       1
       0
       1
       1
       0
       0
       0
       0
       0
       1
       0
       0
       0
       1
       0
       1
       0
       0
       0
       0
       3
       0
       0
       1
       0
       0
       0
       0
       1
       0
       0
       0
       0
       0
       0
       1
       0
       0
       0
       2
       1
       0
       1
       0
       0
       0
       0
       0
       0
       0
       1
       1
       0
       2
       1
       0
       0
       1
       3
       0
       1
       1
       0
       0
       0
       1
       0
       0
       0
       0
       0
       0
       0
       0
       2
       1
       0
       1
       1
       0
       0
       0
       0
       0
       2
       0
       0
       0
       3
       0
       0
       1
       1
       0
       0
       0
       0
       0
       0
       0
       0
       0
       0
       0
       0
       0
       0
       0
       0
       0
       0
       0
       0
       0
       0
       0
       0
       0
$ROI:
1
356 496
$PRESETS:
Live Time
3600
0
$ENER_FIT:
0.000000 0.000000
$MCA_CAL:
3
0.000000E+000 0.000000E+000 0.000000E+000 
$SHAPE_CAL:
3
0.000000E+000 0.000000E+000 0.000000E+000
