$SPEC_ID:
No sample description was entered.
$SPEC_REM:
DET# 17
DETDESC# WD011-05 Easy-MCA-8k SN 13260149
AP# Maestro Version 7.01
$DATE_MEA:
05/15/2017 14:33:56
$MEAS_TIM:
240 246
$DATA:
0 1023
       0
       0
       0
       0
       0
       0
       0
       0
       0
       0
       0
       0
       0
       0
       0
       1
    1069
   17115
    7616
    3185
    1281
     580
     308
     221
     176
     170
     129
     132
     145
     127
     136
      97
     127
     113
     115
     128
     114
     110
     125
     126
     120
     118
     147
     126
     135
     118
     118
     117
     116
     141
     132
     115
     144
     104
     124
     120
     135
     106
     125
     117
     152
     119
     142
     133
     124
     118
     109
     126
     138
     143
     145
     129
     138
     115
     114
     119
     126
     136
     121
     122
     114
     110
     129
     154
     112
     124
     124
     113
     105
     116
     107
     111
     126
     138
     114
     120
     124
     138
     117
     107
     133
     139
     137
     162
     126
     132
     136
     137
     169
     146
     131
     134
     142
     135
     117
     108
     124
     132
     107
     105
     122
     115
      97
     128
     112
     112
     105
     106
      94
     112
     106
      78
      94
      89
      89
      91
      92
     102
      80
      68
      96
      87
      71
      89
      91
      84
      86
      77
      73
      80
      79
      87
      56
      90
      72
      90
      57
      81
      91
      73
      79
      68
      84
      65
      58
      73
      71
      48
      68
      77
      59
      74
      61
      71
      70
      67
      52
      57
      59
      63
      65
      68
      63
      48
      55
      61
      52
      43
      49
      58
      56
      47
      64
      53
      49
      59
      60
      57
      69
      68
      54
      62
      32
      46
      53
      41
      52
      58
      48
      57
      61
      57
      50
      63
      49
      41
      46
      56
      61
      40
      47
      54
      42
      50
      45
      49
      47
      46
      57
      50
      41
      52
      53
      57
      35
      59
      55
      40
      52
      51
      55
      59
      56
      53
      58
      61
      43
      46
      55
      54
      62
      50
      60
      60
      51
      59
      47
      59
      61
      65
      49
      65
      61
      62
      60
      59
      59
      53
      48
      61
      50
      69
      64
      50
      58
      79
      54
      61
      61
      58
      62
      59
      61
      59
      54
      56
      61
      52
      55
      56
      53
      54
      49
      45
      51
      42
      51
      51
      45
      41
      43
      42
      42
      40
      38
      41
      27
      29
      25
      20
      20
      23
      23
      18
      20
      19
      21
      19
      15
      24
      10
      13
      18
       9
      21
      14
      16
       7
      10
      15
       6
      10
      10
       9
      13
       7
       7
      11
      10
      10
       8
       8
       5
      10
       7
       7
      11
       3
       6
       5
       3
       6
       7
       7
       6
       8
       6
       4
       8
       3
       2
       4
       8
       4
      10
       4
       2
       8
       5
       7
       6
       5
      12
       5
       3
       7
       3
       6
       6
       5
       1
       1
       6
       6
       5
       7
       4
       6
       5
      10
       4
       7
       9
       2
      11
       7
       7
       4
      11
       8
      14
       9
       6
      12
       8
       9
      16
      11
      16
      18
      16
      13
      23
      18
      22
      20
      21
      23
      44
      38
      33
      39
      43
      37
      42
      62
      59
      64
      44
      68
      75
      72
      75
      75
      92
      92
      85
      76
      79
      95
      75
      95
      91
      80
      92
      84
      98
      99
      84
      78
      76
      68
      79
      74
      68
      64
      61
      43
      36
      40
      29
      35
      27
      30
      21
      17
      17
      12
      17
      13
      13
       7
      10
       4
       4
       9
       5
       3
       4
       3
       2
       0
       0
       0
       0
       2
       0
       0
       2
       0
       1
       0
       0
       0
       1
       0
       0
       0
       0
       1
       0
       0
       0
       0
       0
       0
       0
       0
       0
       1
       1
       0
       1
       0
       0
       1
       0
       0
       0
       0
       1
       0
       0
       0
       0
       0
       0
       0
       0
       0
       0
       3
       1
       1
       1
       0
       0
       1
       0
       0
       0
       1
       0
       1
       0
       0
       0
       0
       0
       0
       1
       1
       0
       1
       0
       0
       0
       0
       0
       0
       0
       0
       0
       0
       0
       0
       0
       0
       0
       0
       0
       0
       0
       0
       0
       0
       1
       0
       0
       0
       0
       0
       0
       1
       0
       0
       0
       0
       0
       0
       0
       0
       0
       0
       0
       0
       0
       1
       0
       0
       0
       0
       0
       1
       0
       0
       0
       0
       0
       0
       1
       0
       0
       0
       0
       0
       0
       0
       0
       0
       0
       0
       0
       0
       0
       0
       0
       0
       1
       0
       0
       0
       0
       0
       0
       0
       0
       0
       0
       0
       0
       0
       0
       0
       0
       0
       0
       0
       0
       0
       0
       0
       0
       0
       0
       0
       0
       1
       0
       0
       0
       0
       0
       0
       0
       0
       0
       1
       0
       0
       0
       0
       0
       0
       0
       0
       1
       0
       1
       0
       0
       1
       0
       0
       2
       0
       1
       1
       0
       0
       1
       0
       1
       0
       0
       0
       0
       0
       0
       0
       0
       0
       0
       0
       0
       0
       0
       0
       0
       0
       0
       1
       0
       0
       0
       0
       0
       0
       0
       0
       0
       0
       0
       0
       0
       0
       0
       0
       1
       0
       0
       0
       0
       0
       0
       0
       0
       0
       0
       0
       0
       0
       0
       0
       0
       0
       1
       0
       0
       0
       0
       0
       0
       0
       0
       0
       0
       0
       0
       0
       0
       0
       0
       0
       0
       0
       0
       0
       0
       0
       0
       0
       0
       0
       0
       0
       0
       0
       0
       0
       0
       0
       0
       0
       0
       0
       0
       0
       0
       0
       0
       0
       0
       0
       0
       0
       0
       0
       0
       0
       0
       0
       0
       0
       0
       0
       0
       0
       1
       0
       0
       0
       0
       0
       0
       0
       0
       0
       0
       0
       0
       0
       1
       0
       0
       0
       0
       0
       0
       0
       0
       1
       0
       1
       0
       0
       0
       0
       0
       1
       0
       0
       0
       0
       0
       0
       0
       0
       0
       0
       0
       0
       0
       0
       0
       0
       1
       0
       0
       0
       0
       0
       0
       0
       0
       0
       0
       0
       1
       0
       1
       0
       0
       0
       0
       0
       0
       0
       0
       0
       0
       0
       0
       0
       0
       0
       0
       0
       0
       0
       0
       0
       1
       0
       0
       0
       0
       0
       0
       0
       0
       1
       0
       0
       0
       0
       0
       0
       0
       0
       0
       0
       0
       0
       0
       0
       0
       0
       0
       0
       0
       0
       1
       0
       0
       0
       0
       0
       0
       0
       0
       0
       0
       0
       0
       0
       0
       0
       0
       0
       0
       0
       0
       0
       0
       0
       0
       0
       0
       0
       0
       0
       0
       0
       0
       0
       0
       0
       0
       0
       0
       0
       1
       0
       0
       0
       0
       0
       0
       0
       0
       0
       0
       0
       0
       0
       0
       0
       0
       0
       0
       0
       0
       0
       0
       0
       0
       0
       0
       0
       0
       0
       0
       0
       0
       0
       0
       0
       0
       0
       0
       0
       0
       0
       0
       0
       0
       0
       0
       0
       0
       0
       0
       0
       0
       0
       0
       0
       0
       0
       0
       0
       0
       0
$ROI:
1
356 496
$PRESETS:
Live Time
240
0
$ENER_FIT:
0.000000 0.000000
$MCA_CAL:
3
0.000000E+000 0.000000E+000 0.000000E+000 
$SHAPE_CAL:
3
0.000000E+000 0.000000E+000 0.000000E+000
