$SPEC_ID:
No sample description was entered.
$SPEC_REM:
DET# 17
DETDESC# WD011-05 Easy-MCA-8k SN 13260149
AP# Maestro Version 7.01
$DATE_MEA:
05/15/2017 14:20:14
$MEAS_TIM:
240 246
$DATA:
0 1023
       0
       0
       0
       0
       0
       0
       0
       0
       0
       0
       0
       0
       0
       0
       1
       1
    1111
   17624
    7796
    3195
    1374
     592
     367
     234
     205
     159
     159
     158
     162
     178
     157
     139
     139
     139
     135
     139
     131
     141
     140
     127
     155
     139
     136
     132
     119
     132
     132
     135
     149
     141
     129
     125
     132
     139
     134
     147
     155
     136
     142
     148
     140
     121
     164
     147
     155
     155
     131
     149
     146
     138
     142
     134
     139
     149
     142
     140
     140
     145
     126
     143
     135
     144
     117
     119
     139
     138
     118
     114
     127
     119
     119
     129
     124
     157
     126
     137
     161
     165
     136
     171
     171
     153
     165
     160
     166
     146
     145
     140
     163
     151
     164
     150
     147
     143
     155
     150
     126
     132
     132
     120
     109
     132
     139
     127
     117
      97
     104
     114
     116
     106
     106
     106
     124
      86
     115
     104
      94
     102
     107
      92
      91
      82
      90
      75
      85
      98
      93
      85
      85
      94
      97
      75
      68
      98
      94
      89
      67
      83
      72
      68
      70
      78
      87
      88
      68
      70
      71
      63
      74
      59
      69
      73
      75
      71
      57
      58
      69
      56
      88
      65
      67
      72
      75
      71
      57
      65
      65
      62
      67
      70
      75
      52
      60
      65
      57
      65
      82
      66
      50
      74
      55
      48
      60
      79
      55
      51
      65
      69
      62
      64
      67
      61
      64
      41
      62
      67
      69
      57
      62
      56
      68
      62
      61
      66
      57
      65
      63
      65
      53
      56
      61
      50
      54
      44
      58
      85
      58
      62
      64
      48
      71
      62
      69
      66
      67
      64
      68
      91
      60
      74
      55
      85
      68
      57
      65
      58
      54
      63
      81
      73
      78
      66
      73
      74
      74
      67
      49
      71
      60
      68
      54
      80
      85
      80
      65
      70
      71
      61
      68
      56
      63
      56
      81
      65
      73
      51
      64
      59
      61
      60
      59
      62
      37
      44
      48
      55
      41
      47
      36
      37
      40
      30
      33
      31
      16
      30
      20
      29
      29
      26
      16
      16
      20
      17
      26
      13
      14
      22
      15
      17
      20
      19
      12
       7
      12
      12
       9
      14
      12
      11
      18
      12
       5
      11
      10
      12
      10
       5
       5
       9
      14
       4
      11
       4
       5
       9
      10
       7
       8
      11
       7
       3
       9
       6
       5
       2
      14
       6
      10
       4
       5
       5
       6
       2
       5
       5
       4
       5
       4
       7
       3
       5
       7
       5
       5
       5
       5
       5
       6
       7
       9
       9
       9
       9
       7
       8
       7
      11
       3
       9
      12
      11
       6
       9
      14
      12
      12
      10
       6
      20
      17
      18
      19
      16
      21
      35
      32
      27
      29
      35
      48
      37
      48
      41
      42
      56
      62
      47
      76
      70
      87
      66
      96
      99
      96
     113
     109
      96
     117
      97
     104
     109
     117
     105
     116
      90
      84
     101
     105
      79
      81
      88
      92
      70
      77
      62
      51
      67
      65
      56
      34
      39
      49
      36
      25
      25
      30
      20
      15
      14
      17
       9
      12
      11
      13
       4
       9
       2
       6
       5
       5
       5
       2
       2
       2
       1
       2
       2
       0
       0
       0
       0
       0
       0
       0
       0
       1
       0
       0
       1
       1
       0
       0
       0
       0
       0
       0
       0
       0
       0
       0
       0
       0
       1
       0
       0
       0
       0
       0
       0
       0
       1
       0
       1
       0
       0
       1
       1
       0
       0
       1
       0
       0
       1
       0
       1
       0
       0
       0
       0
       0
       1
       0
       0
       0
       0
       1
       0
       0
       0
       0
       0
       0
       0
       0
       0
       0
       0
       0
       0
       0
       0
       1
       0
       0
       0
       0
       0
       0
       0
       0
       0
       0
       1
       0
       0
       0
       0
       0
       0
       0
       0
       1
       1
       0
       0
       0
       1
       0
       0
       0
       0
       0
       1
       0
       0
       0
       0
       0
       0
       0
       0
       0
       0
       1
       0
       0
       0
       0
       0
       0
       0
       0
       0
       1
       0
       0
       0
       0
       0
       0
       0
       1
       0
       0
       0
       0
       0
       0
       0
       0
       0
       0
       0
       0
       0
       0
       0
       0
       0
       0
       0
       0
       0
       0
       0
       0
       0
       0
       0
       0
       0
       0
       0
       0
       1
       0
       0
       0
       0
       0
       0
       0
       0
       0
       0
       0
       0
       0
       0
       0
       0
       0
       0
       0
       0
       0
       0
       0
       0
       0
       0
       0
       0
       0
       0
       1
       0
       0
       1
       0
       0
       0
       0
       1
       0
       0
       0
       0
       2
       0
       0
       0
       0
       0
       0
       0
       1
       0
       0
       0
       0
       0
       0
       0
       0
       0
       0
       0
       0
       0
       0
       0
       0
       0
       0
       0
       0
       0
       0
       0
       0
       0
       0
       0
       0
       0
       0
       0
       0
       0
       0
       0
       0
       0
       0
       0
       0
       0
       0
       0
       0
       1
       0
       0
       0
       0
       0
       0
       0
       0
       0
       0
       1
       0
       0
       0
       0
       0
       0
       0
       0
       0
       1
       0
       0
       0
       0
       0
       0
       0
       0
       1
       1
       0
       0
       0
       0
       0
       0
       1
       0
       0
       0
       1
       0
       0
       1
       0
       0
       0
       0
       0
       0
       0
       0
       1
       0
       0
       0
       0
       0
       0
       0
       0
       0
       0
       0
       0
       0
       1
       0
       1
       0
       0
       0
       0
       0
       0
       0
       0
       0
       0
       0
       0
       0
       0
       0
       1
       0
       0
       0
       0
       0
       0
       0
       0
       0
       0
       0
       0
       0
       0
       0
       0
       0
       0
       0
       0
       0
       0
       0
       0
       0
       0
       1
       0
       0
       0
       0
       0
       0
       0
       1
       0
       1
       0
       0
       0
       0
       0
       0
       0
       0
       0
       0
       0
       0
       0
       0
       0
       0
       0
       0
       0
       0
       0
       0
       0
       0
       1
       0
       0
       0
       0
       0
       0
       0
       0
       0
       0
       0
       0
       0
       0
       0
       0
       0
       0
       0
       0
       0
       0
       0
       0
       0
       0
       0
       0
       0
       0
       0
       0
       0
       0
       0
       0
       0
       0
       0
       0
       0
       0
       0
       0
       0
       0
       0
       0
       0
       0
       0
       0
       0
       0
       0
       0
       0
       0
       0
       0
       0
       0
       0
       0
       0
       0
       0
       0
       0
       0
       0
       0
       0
       0
       0
       0
       0
       0
       0
       0
       0
       0
       0
       0
       0
       0
       0
       0
       0
       0
       0
       0
       0
       0
       0
       0
       0
       0
       0
       0
       0
       0
       0
       0
       0
       0
       1
       0
       1
       0
       1
       0
       0
       0
       0
       0
       0
       0
       0
       0
       0
       0
       0
       0
       0
       0
       0
       0
       0
       0
       0
       0
       0
$ROI:
1
356 496
$PRESETS:
Live Time
240
0
$ENER_FIT:
0.000000 0.000000
$MCA_CAL:
3
0.000000E+000 0.000000E+000 0.000000E+000 
$SHAPE_CAL:
3
0.000000E+000 0.000000E+000 0.000000E+000
