$SPEC_ID:
No sample description was entered.
$SPEC_REM:
DET# 17
DETDESC# WD011-05 Easy-MCA-8k SN 13260149
AP# Maestro Version 7.01
$DATE_MEA:
05/17/2017 09:16:02
$MEAS_TIM:
3600 3642
$DATA:
0 1023
       0
       0
       0
       0
       0
       0
       0
       0
       0
       0
       0
       0
       0
       0
       0
       0
       0
       0
       0
       0
       0
       0
       0
       0
       0
       0
    1584
    4912
    2335
    1065
     538
     297
     182
     149
     172
     187
     177
     166
     210
     211
     201
     202
     186
     200
     218
     235
     221
     227
     247
     212
     228
     230
     232
     241
     193
     213
     210
     224
     226
     203
     221
     226
     207
     189
     206
     171
     231
     186
     210
     196
     208
     210
     177
     196
     177
     161
     179
     146
     166
     158
     149
     153
     134
     120
     122
     123
     115
     130
     131
     128
     114
     116
     104
     102
     107
     114
      90
      97
      92
      87
     105
      90
      91
      78
      66
      93
      69
      82
      81
      62
      68
      78
      80
      51
      51
      46
      72
      49
      56
      62
      63
      57
      45
      48
      36
      36
      40
      36
      37
      36
      41
      42
      31
      41
      37
      36
      30
      27
      30
      30
      25
      43
      34
      41
      30
      18
      34
      23
      16
      32
      19
      23
      15
      22
      19
      16
      14
      12
      23
      26
      25
      17
      17
      11
      14
      16
      15
      23
      14
      14
      18
      21
      11
      17
      14
      18
      28
      16
      15
      10
      17
      10
      14
      10
      19
      13
      19
      13
       8
       9
      13
      15
      10
       7
      15
      16
       8
      14
       6
      12
      10
       6
      14
       8
      13
      11
      11
      18
      14
      12
      11
       9
      12
      14
       9
      10
       5
      12
       8
       8
       8
      12
       5
       9
       6
       4
       9
      17
       9
       2
      11
       9
      11
      14
      10
       6
       5
       4
      12
       9
      11
       6
       5
       8
       5
       5
      12
       4
       5
       5
      11
       5
       8
       6
       4
       8
      13
       4
       6
       6
       4
       5
       7
       7
       4
       9
       7
       5
       4
      10
       5
       6
       6
       4
       8
       4
       6
       4
       2
       2
       6
       5
       4
       6
       6
       5
       7
       3
       6
       3
       2
       2
       4
       6
       1
       7
       5
       4
       8
       4
       6
       4
       1
       6
       8
       5
      10
       0
       4
       4
       7
       6
       8
       4
       9
       9
       4
       3
       3
       5
       4
       4
       3
       4
       4
       2
       5
       5
       3
       5
       6
       4
       8
       6
       1
       6
       2
       5
       9
       5
       3
       8
       6
       5
      10
       1
       1
       3
       7
       6
       8
       3
       3
       6
       5
       7
       4
       6
       3
       4
       7
       3
       5
       2
       6
       7
       1
       4
       0
       2
       6
       4
       5
       6
       3
       5
       3
       3
       4
       3
       2
       6
       5
       2
       6
       4
       3
       3
       5
       2
       2
       4
       4
       4
       5
       4
       5
       4
       2
       2
       4
       0
       4
       4
       5
       9
       4
       6
       2
       2
       7
       2
       1
       3
       1
       7
       5
       2
       2
       5
       8
       4
       2
       3
       1
       4
       1
       1
       4
       3
       3
       3
       3
       1
       4
       9
       4
       2
       3
       4
       2
       4
       1
       2
       2
       3
       1
       1
       2
       5
       2
       0
       2
       5
       3
       3
       4
       4
       5
       3
       3
       3
       2
       1
       1
       3
       4
       2
       2
       2
       2
       1
       0
       1
       2
       2
       3
       4
       2
       1
       1
       5
       2
       1
       5
       1
       3
       2
       0
       3
       1
       2
       0
       1
       3
       3
       1
       3
       3
       2
       1
       4
       2
       1
       2
       1
       2
       4
       1
       1
       2
       2
       1
       2
       3
       1
       2
       4
       3
       3
       1
       6
       3
       1
       0
       3
       4
       2
       4
       1
       3
       2
       1
       0
       2
       2
       3
       3
       1
       0
       1
       3
       0
       2
       2
       3
       2
       4
       2
       0
       1
       0
       2
       1
       2
       3
       1
       1
       3
       2
       3
       1
       3
       2
       3
       3
       1
       6
       4
       4
       1
       5
       0
       3
       0
       3
       5
       3
       1
       0
       2
       1
       0
       1
       2
       2
       0
       3
       2
       0
       1
       2
       3
       1
       5
       2
       1
       0
       2
       2
       3
       1
       1
       0
       3
       0
       1
       0
       1
       1
       1
       4
       0
       3
       4
       2
       3
       0
       0
       3
       2
       0
       2
       4
       0
       2
       5
       1
       0
       0
       2
       1
       3
       1
       2
       1
       3
       2
       0
       2
       2
       4
       1
       3
       1
       5
       2
       1
       1
       0
       1
       0
       4
       0
       1
       3
       3
       4
       1
       1
       1
       2
       2
       0
       0
       2
       2
       0
       0
       5
       6
       3
       2
       4
       2
       1
       4
       1
       2
       1
       1
       2
       1
       0
       3
       1
       1
       4
       2
       1
       3
       0
       1
       3
       1
       0
       0
       2
       0
       1
       0
       2
       1
       1
       0
       0
       1
       2
       1
       2
       1
       3
       1
       2
       2
       2
       5
       3
       3
       1
       1
       1
       1
       2
       6
       1
       0
       2
       2
       3
       2
       2
       0
       1
       1
       0
       2
       0
       1
       4
       2
       1
       1
       0
       2
       0
       1
       2
       1
       1
       2
       2
       1
       1
       3
       0
       4
       1
       1
       3
       1
       1
       1
       3
       1
       1
       1
       2
       3
       4
       4
       1
       3
       2
       0
       1
       1
       6
       1
       1
       4
       2
       0
       2
       1
       3
       1
       2
       2
       1
       1
       0
       2
       0
       1
       0
       1
       1
       2
       4
       0
       0
       0
       1
       3
       0
       1
       1
       0
       2
       2
       1
       0
       0
       2
       3
       0
       0
       3
       1
       2
       0
       0
       3
       4
       0
       0
       0
       2
       2
       2
       3
       0
       2
       0
       3
       2
       1
       2
       0
       1
       2
       3
       0
       2
       0
       2
       2
       1
       1
       1
       1
       1
       0
       2
       2
       0
       1
       3
       3
       3
       2
       0
       0
       1
       3
       1
       0
       0
       0
       1
       0
       1
       0
       0
       1
       0
       1
       1
       1
       2
       0
       2
       1
       0
       0
       1
       0
       0
       1
       0
       0
       3
       0
       0
       0
       0
       0
       0
       0
       0
       1
       0
       1
       1
       0
       1
       0
       0
       1
       1
       0
       0
       3
       0
       0
       1
       0
       0
       0
       1
       0
       0
       0
       1
       0
       3
       0
       0
       1
       0
       1
       2
       0
       1
       0
       0
       0
       0
       1
       1
       0
       1
       0
       0
       0
       0
       0
       0
       1
       0
       3
       0
       1
       0
       2
       0
       0
       0
       1
       1
       1
       1
       0
       0
       1
       1
       1
       0
       0
       1
       0
       0
       0
       1
       0
       0
       0
       0
       3
       0
       0
       0
       0
       0
       1
       1
       1
       0
       2
       2
       0
       0
       1
       1
       1
       0
       0
       0
       0
       0
       0
       0
       0
       0
       0
       0
       0
       0
       0
       0
       0
       0
       0
       0
       0
       0
       0
       0
       0
       0
       0
       0
       0
$ROI:
1
393 482
$PRESETS:
Live Time
3600
0
$ENER_FIT:
0.000000 0.000000
$MCA_CAL:
3
0.000000E+000 0.000000E+000 0.000000E+000 
$SHAPE_CAL:
3
0.000000E+000 0.000000E+000 0.000000E+000
