$SPEC_ID:
No sample description was entered.
$SPEC_REM:
DET# 17
DETDESC# WD011-05 Easy-MCA-8k SN 13260149
AP# Maestro Version 7.01
$DATE_MEA:
05/22/2017 10:15:27
$MEAS_TIM:
240 241
$DATA:
0 1023
       0
       0
       0
       0
       0
       0
       0
       0
       0
       0
       0
       0
       0
       0
       0
       0
       0
       0
       0
       0
       0
       0
       0
       0
       0
       0
      66
     246
     157
     133
     140
     147
     131
     145
     121
     124
     132
     139
     136
     131
     145
     131
     143
     139
     116
     141
     113
     130
     142
     149
     123
     147
     143
     162
     128
     146
     128
     138
     140
     144
     119
     128
     130
     128
     125
     150
     140
     135
     136
     144
     145
     132
     142
     140
     114
     121
     127
     145
     132
     126
     127
     136
     121
     145
     121
     126
     131
     127
     121
     124
     141
     133
     113
     129
     134
     143
     136
     133
     158
     151
     158
     176
     164
     152
     157
     151
     166
     135
     164
     156
     157
     130
     154
     145
     140
     139
     116
     100
     108
     122
     101
     103
     105
     131
      84
      99
      89
     107
      99
      93
      82
      83
     107
      89
     111
      91
     114
      91
      89
     117
      86
      74
     109
      82
      84
      88
      70
      87
      68
      79
      66
      84
      73
      73
      79
      83
      57
     102
      76
      64
      78
      82
      63
      75
      69
      61
      79
      63
      46
      83
      83
      55
      65
      60
      60
      83
      66
      42
      72
      59
      58
      74
      67
      64
      72
      59
      52
      56
      65
      52
      79
      66
      72
      56
      60
      61
      65
      62
      63
      44
      53
      61
      65
      59
      71
      48
      57
      68
      55
      66
      55
      55
      60
      51
      76
      61
      71
      50
      54
      58
      52
      67
      57
      57
      70
      53
      69
      40
      59
      66
      64
      52
      58
      42
      58
      54
      63
      69
      68
      70
      48
      69
      69
      60
      59
      72
      57
      62
      75
      57
      52
      67
      62
      59
      46
      75
      76
      70
      55
      61
      71
      54
      61
      58
      69
      51
      58
      73
      58
      40
      62
      59
      70
      55
      53
      57
      76
      60
      56
      55
      48
      46
      56
      50
      52
      43
      49
      37
      35
      36
      36
      35
      30
      33
      34
      31
      31
      24
      20
      20
      21
      23
      22
      22
      23
      21
      26
      16
      18
      17
      18
      13
      10
      15
       7
      12
       7
      11
       7
      15
      12
      18
      13
       8
      10
      12
      15
      10
       8
       4
       6
      11
       9
       6
      11
       4
       7
       5
       7
      10
       6
       7
       7
       7
       5
       6
       4
       6
       8
       3
       6
       5
       1
       6
       7
       6
       5
       4
       3
       4
       4
       5
       7
       4
       7
      11
       1
       8
       3
       8
       9
       7
      12
       7
       4
       6
       7
       7
       7
       8
       8
      10
       5
      13
       8
      17
      12
      17
      12
      16
      17
      17
      28
      21
      23
      33
      35
      21
      36
      32
      44
      47
      52
      53
      62
      78
      60
      67
      65
      95
      72
      96
      85
      83
     110
      89
      88
     101
      73
     106
     112
      92
     105
     101
      95
      83
      88
      85
      74
      69
      81
      61
      73
      67
      51
      51
      50
      39
      43
      46
      29
      28
      32
      29
      28
      19
      26
      18
      12
      12
      13
      10
       7
       7
       7
       3
       6
       3
       2
       5
       4
       4
       0
       1
       1
       0
       0
       0
       1
       0
       0
       0
       1
       0
       0
       0
       1
       1
       0
       0
       0
       0
       0
       0
       0
       0
       0
       2
       0
       0
       0
       0
       0
       0
       0
       0
       1
       0
       0
       1
       0
       0
       0
       0
       0
       2
       1
       0
       0
       0
       0
       0
       0
       0
       1
       0
       0
       0
       0
       0
       0
       0
       0
       0
       0
       1
       0
       0
       0
       0
       0
       0
       0
       0
       0
       0
       0
       1
       0
       0
       0
       0
       0
       0
       0
       0
       2
       0
       0
       1
       0
       0
       0
       0
       1
       0
       1
       0
       0
       0
       0
       0
       0
       0
       0
       1
       0
       0
       1
       0
       0
       0
       0
       0
       0
       0
       0
       0
       0
       0
       0
       0
       0
       0
       1
       0
       0
       0
       0
       0
       0
       0
       0
       0
       0
       0
       0
       0
       0
       0
       0
       0
       0
       1
       0
       0
       1
       0
       0
       0
       0
       1
       0
       0
       0
       0
       0
       0
       0
       0
       0
       0
       0
       0
       0
       0
       0
       0
       0
       0
       1
       1
       0
       0
       0
       0
       0
       0
       0
       0
       0
       0
       0
       0
       1
       0
       0
       0
       0
       0
       0
       0
       0
       0
       0
       0
       0
       0
       0
       0
       1
       0
       0
       1
       0
       0
       0
       0
       0
       0
       0
       0
       0
       0
       0
       0
       0
       0
       0
       0
       0
       0
       0
       1
       0
       0
       0
       0
       0
       1
       0
       0
       0
       0
       0
       0
       0
       0
       0
       0
       0
       0
       1
       0
       0
       0
       0
       0
       0
       0
       1
       0
       0
       0
       0
       0
       0
       0
       0
       0
       0
       1
       0
       0
       0
       0
       0
       0
       0
       0
       0
       0
       0
       0
       0
       0
       0
       0
       0
       0
       1
       1
       0
       0
       1
       0
       0
       0
       0
       0
       0
       0
       0
       0
       0
       0
       0
       0
       1
       0
       0
       0
       0
       0
       1
       0
       0
       0
       0
       0
       0
       0
       0
       0
       0
       0
       0
       0
       0
       0
       0
       0
       0
       0
       0
       0
       0
       0
       0
       0
       0
       0
       0
       0
       0
       0
       0
       0
       0
       0
       0
       0
       0
       0
       0
       0
       0
       0
       0
       0
       0
       0
       0
       0
       0
       0
       0
       0
       0
       0
       0
       0
       1
       0
       0
       0
       0
       0
       0
       0
       0
       0
       0
       0
       0
       0
       0
       0
       1
       0
       0
       0
       0
       0
       0
       1
       0
       0
       0
       0
       0
       0
       0
       0
       0
       0
       0
       0
       0
       0
       0
       0
       0
       0
       0
       0
       0
       0
       0
       0
       1
       0
       0
       0
       0
       0
       0
       0
       0
       0
       0
       0
       0
       0
       0
       0
       0
       0
       0
       0
       0
       0
       0
       0
       0
       0
       0
       0
       0
       0
       0
       0
       0
       1
       0
       0
       0
       0
       0
       0
       0
       0
       0
       0
       0
       0
       0
       0
       0
       0
       0
       0
       0
       0
       0
       0
       0
       0
       0
       0
       0
       0
       0
       0
       0
       0
       0
       0
       0
       0
       1
       0
       0
       0
       1
       0
       0
       0
       0
       0
       0
       0
       0
       0
       0
       1
       0
       0
       0
       0
       0
       0
       0
       0
       0
       0
       0
       0
       0
       0
       0
       0
       0
       0
       0
       0
       0
       0
       0
       0
       0
       0
       0
       0
       0
       0
       0
       0
       0
       0
       0
       0
       0
       0
       0
       0
       0
       0
       0
       1
       0
       0
       0
       0
       0
       0
       0
       0
       0
       0
       0
       0
       0
       0
       0
       0
       0
       0
       0
       0
       0
       0
       0
       0
$ROI:
1
362 479
$PRESETS:
Live Time
240
0
$ENER_FIT:
0.000000 0.000000
$MCA_CAL:
3
0.000000E+000 0.000000E+000 0.000000E+000 
$SHAPE_CAL:
3
0.000000E+000 0.000000E+000 0.000000E+000
