$SPEC_ID:
No sample description was entered.
$SPEC_REM:
DET# 17
DETDESC# WD011-05 Easy-MCA-8k SN 13260149
AP# Maestro Version 7.01
$DATE_MEA:
05/22/2017 10:09:11
$MEAS_TIM:
240 241
$DATA:
0 1023
       0
       0
       0
       0
       0
       0
       0
       0
       0
       0
       0
       0
       0
       0
       0
       0
       0
       0
       0
       0
       0
       0
       0
       0
       0
       0
      59
     223
     179
     145
     131
     151
     127
     132
     136
     132
     107
     141
     130
     124
     118
     131
     134
     138
     146
     136
     110
     131
     131
     125
     140
     124
     134
     120
     149
     108
     124
     120
     129
     121
     149
     133
     133
     129
     143
     141
     124
     128
     159
     127
     133
     133
     133
     121
     127
     167
     136
     122
     145
     130
     117
     136
     123
     121
     130
     135
     119
     118
     139
     136
     129
     133
     103
     144
     143
     138
     140
     141
     149
     153
     157
     163
     136
     153
     140
     146
     152
     153
     150
     149
     141
     144
     142
     145
     154
     113
     107
     123
     111
     136
     123
     118
     121
      96
     113
     111
      81
      88
      88
      93
     118
      83
      98
      96
      98
      93
      85
      74
      98
      74
      90
      70
      89
      80
      82
      85
      75
      79
      82
      61
      78
      70
      69
      75
      69
      86
      74
      87
      77
      73
      74
      62
      76
      77
      62
      71
      70
      75
      68
      57
      62
      46
      54
      63
      52
      61
      63
      61
      67
      76
      57
      71
      69
      57
      66
      48
      67
      66
      60
      47
      61
      74
      59
      49
      53
      56
      54
      62
      43
      49
      56
      52
      49
      56
      52
      61
      55
      54
      58
      51
      52
      54
      45
      54
      58
      54
      77
      59
      48
      63
      50
      66
      58
      61
      51
      60
      64
      48
      61
      59
      55
      59
      51
      66
      64
      54
      63
      58
      66
      71
      49
      53
      50
      51
      64
      59
      56
      64
      52
      61
      57
      58
      60
      71
      53
      76
      71
      46
      64
      66
      63
      62
      62
      60
      42
      59
      61
      57
      65
      63
      60
      67
      56
      66
      59
      60
      60
      51
      59
      59
      47
      55
      53
      57
      48
      54
      26
      43
      37
      42
      40
      39
      42
      43
      36
      27
      28
      35
      23
      19
      29
      27
      32
      23
      23
      23
      20
      19
      15
      17
      18
      14
       9
      15
      11
       9
      15
      13
       9
      11
      17
      18
      14
      19
       9
       9
       9
       9
      13
       8
       5
       4
      11
       4
      10
       5
       6
       5
      11
       4
       1
       5
       8
      11
       5
       8
       8
       5
       0
       3
       7
       8
       5
       3
       5
       6
      12
      10
       4
       5
       1
       6
       5
       5
       8
       3
       5
       5
       4
       2
       4
       4
       4
       6
       5
       6
       6
      11
       6
      14
       8
       6
       5
       8
      10
      14
       9
       9
       9
      14
      12
       8
      13
      24
      19
      19
      18
      24
      25
      26
      29
      37
      29
      27
      41
      43
      50
      55
      58
      59
      63
      55
      51
      64
      83
      76
      78
      62
      76
      77
      86
     102
      96
      86
      87
      98
      97
      87
     114
      77
      87
      78
      65
      78
      83
      74
      71
      66
      69
      53
      57
      41
      42
      54
      54
      36
      37
      25
      31
      27
      15
      11
      12
      18
      17
      11
      10
       8
       8
       3
       6
       4
       6
       2
       2
       2
       6
       2
       0
       2
       2
       0
       0
       2
       0
       0
       1
       1
       1
       0
       0
       0
       1
       0
       0
       0
       1
       0
       0
       0
       1
       0
       0
       0
       0
       0
       0
       0
       0
       0
       0
       0
       0
       0
       0
       1
       0
       0
       0
       0
       0
       0
       1
       0
       0
       0
       0
       0
       0
       0
       0
       0
       0
       0
       0
       0
       0
       0
       0
       1
       0
       0
       0
       0
       0
       1
       0
       0
       0
       1
       0
       0
       0
       1
       0
       0
       1
       0
       0
       0
       0
       0
       0
       0
       0
       0
       0
       0
       0
       0
       0
       0
       0
       0
       1
       0
       1
       0
       0
       0
       0
       0
       0
       0
       0
       0
       0
       0
       0
       0
       0
       0
       1
       0
       1
       0
       0
       0
       1
       0
       0
       0
       0
       0
       0
       0
       0
       0
       0
       0
       0
       0
       0
       0
       0
       0
       0
       0
       1
       0
       0
       0
       0
       0
       0
       0
       0
       0
       0
       0
       0
       0
       0
       0
       0
       0
       0
       0
       0
       1
       0
       0
       0
       0
       0
       0
       0
       0
       0
       0
       0
       0
       0
       0
       0
       1
       0
       0
       1
       0
       0
       0
       0
       0
       0
       0
       0
       0
       0
       0
       0
       0
       0
       0
       0
       1
       0
       0
       0
       0
       0
       0
       0
       0
       0
       0
       0
       0
       0
       0
       1
       0
       0
       0
       0
       0
       0
       0
       0
       0
       0
       0
       0
       0
       0
       0
       0
       0
       0
       0
       0
       0
       0
       0
       1
       0
       1
       0
       0
       0
       0
       0
       0
       0
       0
       0
       0
       0
       0
       0
       0
       0
       0
       0
       0
       0
       0
       0
       0
       0
       0
       0
       0
       0
       0
       0
       0
       0
       0
       0
       0
       0
       0
       0
       0
       0
       0
       0
       0
       0
       0
       0
       0
       0
       0
       0
       0
       0
       0
       0
       0
       0
       0
       0
       0
       0
       0
       0
       0
       0
       0
       0
       0
       1
       0
       0
       0
       1
       0
       0
       1
       0
       0
       0
       0
       0
       0
       1
       0
       0
       0
       0
       0
       0
       0
       0
       0
       0
       0
       0
       0
       0
       0
       0
       0
       0
       0
       0
       0
       0
       1
       1
       0
       0
       1
       0
       0
       0
       0
       0
       0
       1
       0
       0
       1
       0
       0
       0
       0
       0
       0
       0
       1
       0
       0
       0
       0
       0
       0
       0
       0
       1
       0
       1
       0
       0
       1
       0
       0
       0
       0
       0
       0
       0
       0
       1
       0
       1
       0
       0
       0
       0
       0
       0
       0
       0
       0
       0
       0
       0
       0
       0
       0
       0
       1
       0
       0
       0
       0
       0
       0
       0
       0
       0
       0
       0
       0
       0
       0
       0
       0
       0
       0
       0
       0
       0
       0
       0
       0
       0
       0
       0
       0
       0
       0
       0
       0
       0
       0
       0
       0
       0
       0
       0
       0
       0
       0
       0
       0
       0
       0
       0
       0
       0
       0
       0
       0
       0
       0
       0
       0
       0
       0
       0
       0
       0
       0
       0
       0
       0
       0
       0
       0
       0
       0
       0
       0
       0
       1
       0
       0
       0
       0
       0
       0
       0
       0
       0
       0
       0
       0
       0
       0
       0
       0
       2
       0
       0
       0
       0
       0
       0
       0
       0
       0
       0
       0
       0
       0
       1
       0
       0
       0
       0
       0
       0
       0
       0
       0
       0
       0
       0
       0
       0
       0
       0
       0
       0
       0
       0
       1
       0
       0
       0
       0
       0
       0
       0
       0
       0
       0
       0
       0
       0
       0
       0
       0
       0
       0
       0
       0
       0
       0
       0
$ROI:
1
362 479
$PRESETS:
Live Time
240
0
$ENER_FIT:
0.000000 0.000000
$MCA_CAL:
3
0.000000E+000 0.000000E+000 0.000000E+000 
$SHAPE_CAL:
3
0.000000E+000 0.000000E+000 0.000000E+000
