$SPEC_ID:
No sample description was entered.
$SPEC_REM:
DET# 17
DETDESC# WD011-05 Easy-MCA-8k SN 13260149
AP# Maestro Version 7.01
$DATE_MEA:
05/22/2017 09:56:00
$MEAS_TIM:
240 241
$DATA:
0 1023
       0
       0
       0
       0
       0
       0
       0
       0
       0
       0
       0
       0
       0
       0
       0
       0
       0
       0
       0
       0
       0
       0
       0
       0
       0
       0
      52
     197
     165
     130
     134
     136
     132
     119
     132
     119
     116
     127
     134
     130
     143
     111
     116
     127
     104
     151
     129
     130
     105
     110
     105
     136
     113
     112
     125
     143
     140
     135
     137
     126
     111
     128
     137
     123
     115
     126
     114
     140
     127
     147
     126
     137
     122
     148
     131
     151
     122
     124
     130
     125
     131
     136
     107
     126
     118
     122
     128
     131
     124
     128
     117
     123
     116
     115
     134
     117
     117
     137
     139
     133
     141
     129
     142
     164
     145
     156
     162
     133
     128
     138
     151
     143
     144
     129
     137
     115
     104
     124
     119
     121
     119
     107
     125
     106
      92
      84
      90
     102
      93
      95
      95
      96
      88
      86
      99
      74
      98
      95
      95
      94
      83
      76
      78
      87
      81
      65
      94
      71
      71
      74
      72
      68
      82
      85
      70
      67
      66
      59
      69
      73
      60
      61
      59
      78
      69
      72
      75
      67
      53
      63
      55
      69
      49
      70
      41
      60
      70
      65
      66
      58
      42
      51
      55
      58
      53
      65
      71
      54
      59
      54
      64
      57
      47
      61
      59
      49
      58
      53
      56
      44
      60
      49
      48
      52
      38
      47
      58
      44
      55
      60
      58
      57
      60
      55
      41
      58
      64
      50
      50
      58
      49
      58
      58
      57
      50
      47
      58
      54
      47
      59
      55
      57
      46
      51
      47
      37
      65
      51
      49
      67
      59
      46
      56
      62
      57
      62
      57
      59
      61
      64
      51
      35
      42
      59
      56
      52
      55
      46
      67
      62
      54
      59
      75
      57
      59
      53
      48
      46
      42
      62
      62
      54
      55
      61
      53
      67
      47
      61
      53
      50
      53
      58
      52
      49
      56
      53
      48
      38
      46
      58
      42
      36
      37
      37
      36
      38
      41
      28
      41
      34
      27
      34
      20
      21
      19
      16
      18
      19
      19
      22
      15
      22
      22
      25
      24
      18
      10
      10
      10
      14
      17
      16
      14
      16
      10
      13
      13
      12
      11
       6
       9
       7
       7
       6
      11
      11
      11
       9
       5
       2
       3
       8
       7
      11
       6
       6
       5
       7
       5
       6
       9
       9
       3
       5
       2
       4
       4
       3
       6
      10
       8
       3
       3
       3
       6
       8
       4
       6
       6
       4
       2
       2
      11
       2
       8
       9
       6
       8
       6
      10
       6
       7
      12
       8
       7
       9
       8
       9
      18
       8
      12
      11
      15
       9
       8
      15
      13
      14
      15
      16
      19
      17
      10
      17
      22
      26
      19
      27
      40
      28
      41
      46
      42
      56
      55
      43
      53
      58
      77
      75
      85
      62
      83
      85
      83
      77
      66
      74
      86
      90
      76
      94
      79
      80
      74
      86
      73
      84
      64
      62
      68
      77
      45
      67
      61
      47
      55
      59
      38
      35
      33
      29
      31
      23
      20
      20
      15
      10
      12
       9
      11
       5
      10
       8
       7
       5
       5
       4
       3
       2
       2
       4
       1
       1
       4
       1
       0
       0
       0
       1
       0
       0
       1
       0
       1
       1
       1
       0
       0
       0
       0
       0
       0
       0
       0
       1
       0
       1
       1
       0
       0
       0
       0
       0
       0
       1
       0
       0
       0
       0
       1
       0
       0
       0
       0
       0
       0
       0
       0
       0
       0
       0
       0
       1
       0
       0
       0
       0
       0
       0
       0
       0
       0
       0
       0
       0
       0
       1
       0
       1
       1
       1
       0
       0
       0
       0
       0
       0
       0
       0
       0
       0
       0
       0
       0
       0
       0
       0
       0
       0
       0
       0
       0
       0
       0
       0
       0
       0
       0
       0
       0
       1
       0
       0
       0
       0
       0
       0
       0
       0
       0
       0
       0
       0
       0
       0
       0
       0
       0
       0
       1
       0
       0
       0
       0
       0
       0
       0
       0
       0
       0
       0
       0
       0
       0
       1
       0
       0
       0
       0
       0
       0
       0
       0
       1
       1
       0
       0
       0
       0
       0
       0
       0
       1
       0
       0
       0
       0
       0
       0
       0
       0
       0
       0
       0
       0
       0
       1
       0
       0
       0
       0
       0
       0
       0
       1
       0
       0
       0
       0
       0
       0
       0
       0
       0
       0
       0
       0
       0
       0
       0
       1
       0
       0
       0
       0
       0
       0
       0
       0
       0
       0
       1
       0
       0
       0
       0
       0
       0
       0
       0
       0
       0
       0
       0
       0
       0
       0
       0
       0
       0
       0
       0
       0
       0
       0
       0
       0
       0
       0
       0
       0
       0
       1
       0
       0
       0
       0
       0
       0
       1
       0
       0
       0
       0
       0
       0
       0
       0
       0
       0
       0
       0
       0
       0
       0
       0
       0
       0
       0
       0
       0
       0
       0
       0
       0
       0
       0
       0
       1
       0
       0
       0
       0
       0
       0
       0
       0
       0
       0
       0
       0
       0
       0
       0
       0
       0
       0
       0
       0
       0
       0
       0
       0
       0
       0
       0
       0
       0
       0
       0
       0
       0
       0
       0
       0
       0
       0
       0
       0
       0
       1
       1
       0
       1
       0
       0
       0
       0
       0
       1
       1
       0
       0
       0
       0
       0
       0
       0
       0
       0
       0
       0
       0
       0
       0
       0
       0
       1
       1
       0
       0
       0
       0
       0
       0
       0
       0
       0
       0
       0
       0
       0
       0
       0
       0
       0
       0
       1
       1
       0
       0
       0
       0
       0
       0
       0
       0
       0
       1
       0
       0
       0
       0
       0
       0
       0
       0
       0
       0
       0
       0
       0
       0
       0
       0
       1
       0
       0
       0
       0
       0
       0
       0
       0
       0
       1
       0
       0
       0
       0
       0
       0
       0
       0
       0
       0
       0
       0
       0
       0
       0
       0
       0
       0
       0
       0
       0
       0
       0
       0
       0
       1
       0
       0
       0
       0
       0
       0
       0
       0
       0
       0
       0
       0
       0
       0
       0
       0
       0
       0
       0
       0
       0
       0
       0
       0
       0
       0
       0
       0
       0
       0
       0
       0
       0
       0
       0
       0
       0
       0
       0
       0
       0
       0
       0
       0
       0
       0
       1
       0
       0
       0
       0
       0
       0
       0
       0
       0
       0
       0
       0
       0
       0
       0
       0
       0
       0
       0
       0
       0
       0
       0
       0
       0
       0
       0
       0
       0
       0
       0
       0
       0
       0
       1
       0
       0
       0
       0
       0
       0
       0
       0
       0
       0
       0
       0
       0
       0
       0
       0
       0
       0
       0
       0
       0
       0
       0
       0
       0
       0
       0
       0
       0
       0
       0
       0
       0
       0
       0
       0
       0
       0
       0
       0
       0
       0
       0
       0
       0
       0
       0
       0
       0
$ROI:
1
362 479
$PRESETS:
Live Time
240
0
$ENER_FIT:
0.000000 0.000000
$MCA_CAL:
3
0.000000E+000 0.000000E+000 0.000000E+000 
$SHAPE_CAL:
3
0.000000E+000 0.000000E+000 0.000000E+000
