$SPEC_ID:
No sample description was entered.
$SPEC_REM:
DET# 17
DETDESC# WD011-05 Easy-MCA-8k SN 13260149
AP# Maestro Version 7.01
$DATE_MEA:
05/17/2017 09:03:44
$MEAS_TIM:
305 309
$DATA:
0 1023
       0
       0
       0
       0
       0
       0
       0
       0
       0
       0
       0
       0
       0
       0
       0
       0
       0
       0
       0
       0
       0
       0
       0
       0
       0
       0
     176
     646
     411
     279
     208
     188
     187
     183
     147
     159
     179
     175
     175
     170
     173
     155
     148
     124
     162
     160
     158
     176
     165
     179
     172
     157
     171
     151
     184
     172
     191
     155
     148
     152
     158
     163
     192
     177
     183
     152
     159
     178
     171
     170
     191
     142
     149
     141
     179
     146
     164
     170
     168
     147
     173
     179
     148
     144
     169
     163
     158
     139
     161
     174
     157
     177
     164
     167
     166
     163
     158
     186
     181
     173
     183
     179
     188
     202
     193
     185
     210
     179
     170
     197
     169
     185
     203
     189
     180
     161
     179
     170
     141
     166
     166
     133
     149
     148
     119
     111
     133
     131
     123
     105
     131
     125
     123
     123
     106
     128
     114
     113
     111
     125
     110
     127
     113
     126
     121
     116
     132
     122
     125
     122
     110
     107
      92
     100
     100
      88
     101
     102
     114
     101
     112
      88
     100
     106
      74
      91
     100
      81
      96
      83
      84
      77
      97
      80
      72
      82
      79
      77
      92
      78
      68
      90
      95
      84
      81
     102
      72
      79
      84
      92
      73
      59
      71
      77
      81
      80
      69
      61
      87
      61
      73
      74
      71
      83
      82
      80
      76
      77
      84
      69
      57
      68
      84
      66
      74
      70
      78
      79
      73
      65
      63
      57
      66
      66
      64
      66
      71
      75
      67
      81
      69
      72
      73
      76
      73
      65
      62
      75
      70
      56
      69
      71
      63
      89
      85
      79
      84
      68
      65
      75
      77
      80
      80
      78
      80
      78
      90
      63
      83
      75
      84
      70
      77
      97
      86
      68
      81
      61
      83
      78
      64
      76
      86
      68
      70
      72
      91
      77
      71
      78
      91
      90
      70
      93
      74
      75
      83
      90
      87
      69
      63
      69
      65
      70
      59
      51
      83
      58
      58
      43
      51
      41
      54
      46
      62
      58
      49
      46
      36
      45
      49
      41
      21
      29
      39
      26
      24
      32
      28
      25
      24
      33
      24
      17
      33
      22
      16
      11
      23
      19
      15
      17
      17
      16
      12
      16
      13
      11
      10
      17
       8
      14
      13
      15
      14
      12
       6
      11
      12
       7
       6
       8
       6
      10
      13
       9
       5
       8
       6
      10
       3
       9
       7
      10
       5
       8
       9
       5
       6
       6
      13
       5
       5
      11
       6
       9
       9
       6
       3
       5
      10
      11
      11
       7
       7
       3
       5
       8
       7
       5
      15
       4
       7
       6
       9
      14
       8
       9
      10
       7
      14
      12
       8
      11
      17
      18
      16
      16
      13
      19
      20
      24
      21
      29
      27
      29
      34
      29
      38
      51
      42
      47
      60
      55
      64
      63
      72
      85
      63
      91
     100
     101
     116
     105
      96
      99
     122
     131
     108
     129
     126
     113
     124
     118
     118
     109
     143
     120
     105
     106
     102
     108
     106
      97
      94
      74
      68
      66
      62
      62
      67
      56
      64
      51
      50
      37
      33
      32
      31
      23
      18
      16
      12
      18
      13
       4
       9
      11
       4
      11
       5
       2
       4
       1
       1
       4
       1
       1
       3
       0
       0
       1
       1
       2
       1
       0
       0
       1
       0
       1
       1
       1
       0
       0
       0
       0
       1
       0
       1
       0
       0
       0
       0
       0
       0
       0
       1
       1
       0
       0
       0
       0
       1
       0
       0
       0
       0
       0
       0
       0
       1
       0
       0
       0
       0
       0
       0
       0
       2
       1
       0
       0
       1
       0
       0
       0
       0
       0
       0
       0
       0
       0
       0
       1
       0
       0
       1
       1
       0
       0
       1
       0
       1
       0
       0
       0
       1
       1
       1
       0
       0
       0
       0
       0
       0
       0
       0
       1
       0
       0
       1
       0
       0
       0
       0
       0
       0
       0
       0
       0
       0
       0
       0
       1
       0
       0
       0
       0
       0
       0
       1
       0
       0
       0
       1
       1
       0
       1
       0
       0
       0
       0
       0
       0
       0
       0
       0
       0
       0
       0
       0
       1
       1
       0
       0
       0
       0
       1
       0
       0
       0
       0
       0
       0
       0
       1
       0
       0
       1
       0
       0
       0
       0
       1
       0
       0
       0
       0
       0
       0
       0
       0
       0
       0
       0
       0
       0
       0
       0
       0
       0
       0
       0
       0
       1
       0
       0
       0
       0
       0
       1
       0
       0
       0
       0
       0
       0
       0
       0
       0
       0
       0
       0
       0
       0
       0
       1
       0
       0
       0
       0
       1
       0
       0
       0
       0
       0
       0
       0
       0
       0
       0
       0
       0
       0
       0
       0
       0
       0
       0
       0
       0
       0
       2
       0
       0
       0
       1
       0
       1
       0
       0
       0
       0
       0
       0
       0
       0
       0
       0
       0
       0
       0
       0
       1
       0
       0
       0
       0
       0
       0
       0
       0
       0
       0
       0
       1
       0
       0
       0
       0
       0
       0
       0
       0
       0
       0
       0
       0
       1
       0
       0
       0
       0
       0
       0
       0
       0
       0
       0
       0
       0
       0
       0
       0
       0
       1
       0
       0
       0
       0
       0
       0
       1
       1
       1
       0
       1
       0
       0
       0
       0
       0
       0
       0
       0
       0
       0
       0
       0
       1
       0
       1
       0
       1
       0
       0
       0
       0
       0
       0
       0
       0
       0
       0
       0
       0
       0
       0
       1
       0
       1
       1
       0
       0
       0
       0
       0
       1
       0
       0
       0
       0
       0
       0
       0
       0
       0
       0
       0
       0
       0
       0
       0
       0
       0
       0
       0
       0
       1
       0
       0
       0
       1
       0
       1
       0
       0
       0
       0
       0
       1
       0
       0
       0
       0
       0
       0
       0
       0
       0
       0
       0
       0
       0
       0
       0
       0
       0
       0
       0
       0
       0
       0
       0
       0
       0
       0
       0
       0
       0
       0
       0
       0
       0
       0
       0
       0
       0
       1
       0
       0
       0
       0
       0
       0
       0
       0
       0
       0
       0
       0
       0
       0
       0
       0
       0
       0
       0
       0
       0
       1
       0
       0
       0
       0
       0
       0
       1
       0
       0
       0
       0
       0
       0
       0
       0
       0
       0
       0
       0
       0
       0
       0
       0
       0
       0
       0
       0
       0
       0
       0
       0
       0
       0
       0
       0
       0
       0
       0
       0
       0
       0
       0
       0
       0
       0
       0
       0
       0
       0
       0
       1
       0
       0
       0
       0
       0
       0
       0
       0
       0
       0
       1
       0
       0
       0
       0
       0
       0
       0
       0
       0
       0
       0
       0
       0
       0
       0
       0
       0
       0
       0
       0
       0
       0
       0
       0
       0
       0
       0
       0
       0
       0
       0
       0
       0
       0
       0
       0
       0
       0
       0
       0
$ROI:
1
393 482
$PRESETS:
Live Time
600
0
$ENER_FIT:
0.000000 0.000000
$MCA_CAL:
3
0.000000E+000 0.000000E+000 0.000000E+000 
$SHAPE_CAL:
3
0.000000E+000 0.000000E+000 0.000000E+000
