$SPEC_ID:
No sample description was entered.
$SPEC_REM:
DET# 17
DETDESC# WD011-05 Easy-MCA-8k SN 13260149
AP# Maestro Version 7.01
$DATE_MEA:
05/17/2017 09:11:05
$MEAS_TIM:
240 243
$DATA:
0 1023
       0
       0
       0
       0
       0
       0
       0
       0
       0
       0
       0
       0
       0
       0
       0
       0
       0
       0
       0
       0
       0
       0
       0
       0
       0
       0
     156
     516
     304
     195
     161
     147
     132
     118
     133
     138
     132
     151
     114
     133
     162
     127
     125
     130
     144
     125
     138
     140
     130
     120
     108
     132
     131
     150
     137
     127
     145
     126
     139
     122
     145
     128
     137
     130
     142
     147
     126
     152
     120
     140
     138
     110
     140
     128
     117
     135
     141
     143
     127
     141
     147
     152
     142
     150
     121
     120
     124
     117
     149
     118
     110
     142
     116
     109
     102
     118
     144
     142
     116
     127
     134
     143
     160
     132
     137
     146
     144
     140
     151
     141
     153
     153
     147
     143
     137
     124
     129
     139
     141
     128
     116
      97
     115
     105
      97
     102
      92
     109
     106
     104
      90
      97
      99
      84
      96
     103
      92
      94
     102
     102
      89
     102
      95
      82
      72
      91
      72
     100
      74
      80
      69
      97
      93
      84
      76
      64
      60
      71
      82
      70
      68
      73
      70
      69
      74
      74
      60
      74
      64
      67
      67
      62
      76
      48
      60
      76
      61
      62
      63
      71
      67
      61
      65
      55
      47
      60
      53
      61
      54
      66
      48
      68
      55
      67
      65
      52
      66
      51
      51
      61
      70
      41
      62
      53
      50
      61
      52
      50
      54
      65
      47
      54
      67
      57
      56
      63
      47
      50
      60
      57
      49
      54
      52
      44
      42
      62
      72
      56
      53
      57
      59
      44
      47
      52
      56
      65
      58
      45
      68
      53
      58
      67
      56
      49
      57
      63
      68
      62
      66
      51
      47
      62
      72
      67
      58
      52
      69
      56
      58
      62
      74
      62
      73
      56
      75
      77
      66
      62
      59
      60
      61
      58
      73
      51
      69
      63
      51
      77
      64
      62
      73
      57
      66
      44
      56
      61
      49
      59
      38
      48
      61
      40
      45
      48
      50
      48
      50
      41
      51
      42
      36
      42
      38
      39
      30
      43
      24
      35
      23
      21
      31
      21
      17
      19
      21
      25
      15
      14
      24
      14
      14
      17
      19
      10
      10
      12
      18
      14
      11
      11
       8
       9
       6
       3
       6
      15
      13
      10
       7
       5
       7
       8
       8
      11
       6
       9
       9
       7
      13
      10
       9
       4
       7
       5
      11
       8
       7
       5
      13
       2
       7
       6
       6
       8
       4
       5
       3
       6
       4
       6
       3
       4
       8
       5
       8
       4
      10
       6
       5
       6
       3
       6
       7
       3
       5
       6
       5
       4
       4
      11
       6
       5
      11
       9
       7
      11
      16
      17
       9
       7
      11
       9
      11
      13
      17
      15
      15
      20
      17
      22
      28
      24
      27
      29
      36
      37
      41
      37
      32
      45
      42
      51
      45
      70
      65
      75
      80
      71
      69
      83
      83
      92
      77
      86
      99
      95
      99
     106
      91
      98
      78
      88
      94
      81
      94
      80
      79
      66
      69
      71
      58
      60
      57
      48
      58
      50
      41
      38
      31
      38
      32
      37
      28
      22
      20
      12
      19
       8
       6
      17
      10
       4
       8
       4
       8
       2
       4
       0
       1
       5
       1
       1
       1
       0
       0
       1
       0
       1
       0
       0
       0
       0
       0
       0
       1
       0
       0
       0
       0
       0
       0
       1
       0
       0
       1
       0
       0
       0
       0
       0
       1
       0
       0
       0
       0
       0
       0
       1
       0
       0
       0
       0
       0
       0
       2
       1
       0
       0
       0
       0
       0
       0
       0
       0
       0
       0
       0
       0
       0
       0
       1
       1
       0
       0
       0
       0
       0
       1
       0
       0
       1
       0
       0
       0
       0
       0
       0
       0
       0
       0
       0
       0
       0
       0
       0
       0
       0
       0
       0
       0
       0
       0
       0
       0
       0
       0
       0
       0
       0
       0
       0
       0
       0
       0
       0
       0
       0
       0
       0
       0
       0
       0
       0
       0
       0
       0
       0
       0
       0
       0
       0
       0
       0
       0
       0
       0
       2
       0
       0
       0
       0
       0
       0
       0
       0
       0
       1
       0
       0
       0
       0
       0
       0
       1
       0
       0
       1
       0
       0
       1
       0
       0
       1
       0
       0
       0
       0
       0
       0
       0
       0
       0
       0
       0
       0
       0
       0
       0
       0
       0
       0
       0
       0
       0
       0
       0
       0
       0
       0
       0
       0
       0
       0
       0
       1
       0
       1
       0
       0
       0
       1
       0
       0
       0
       0
       0
       0
       0
       1
       0
       0
       0
       0
       0
       0
       0
       1
       0
       0
       0
       0
       0
       0
       0
       0
       0
       0
       0
       0
       0
       0
       0
       0
       0
       1
       0
       0
       0
       0
       1
       0
       0
       0
       0
       0
       0
       0
       0
       0
       1
       0
       0
       0
       0
       0
       0
       0
       0
       0
       0
       0
       0
       0
       0
       0
       0
       0
       0
       0
       0
       0
       0
       0
       0
       0
       0
       1
       0
       0
       2
       0
       0
       0
       0
       0
       0
       0
       0
       0
       0
       0
       0
       0
       0
       0
       0
       0
       0
       0
       0
       1
       0
       0
       0
       0
       0
       0
       0
       0
       0
       0
       0
       0
       1
       0
       0
       0
       0
       0
       0
       0
       0
       1
       0
       0
       0
       0
       0
       0
       0
       0
       0
       0
       0
       0
       0
       0
       0
       0
       0
       0
       0
       0
       0
       0
       0
       0
       1
       0
       0
       1
       1
       0
       1
       0
       0
       0
       0
       0
       0
       0
       1
       0
       0
       0
       0
       0
       0
       0
       0
       0
       0
       0
       0
       0
       0
       0
       0
       0
       0
       0
       0
       0
       0
       0
       0
       0
       0
       0
       0
       0
       0
       0
       0
       0
       1
       1
       0
       0
       0
       0
       0
       0
       0
       0
       0
       0
       0
       0
       0
       0
       0
       0
       0
       0
       0
       0
       0
       0
       0
       0
       0
       0
       0
       0
       0
       0
       0
       0
       0
       0
       0
       0
       0
       0
       0
       0
       0
       0
       0
       0
       0
       0
       0
       0
       0
       0
       0
       0
       0
       0
       0
       0
       0
       0
       0
       0
       0
       0
       0
       0
       0
       1
       0
       0
       0
       0
       0
       0
       0
       0
       0
       0
       0
       0
       0
       0
       0
       0
       0
       0
       0
       0
       0
       0
       0
       0
       0
       1
       0
       0
       0
       1
       0
       1
       0
       0
       0
       0
       0
       0
       0
       1
       0
       1
       0
       0
       0
       0
       1
       0
       0
       0
       0
       1
       0
       0
       1
       0
       0
       0
       0
       0
       0
       0
       0
       0
       0
       1
       0
       0
       0
       0
       0
       0
       0
       0
       0
       0
       0
       0
       0
       0
       0
       0
       0
       0
       0
       0
       0
       0
       0
       0
       0
$ROI:
1
393 482
$PRESETS:
Live Time
240
0
$ENER_FIT:
0.000000 0.000000
$MCA_CAL:
3
0.000000E+000 0.000000E+000 0.000000E+000 
$SHAPE_CAL:
3
0.000000E+000 0.000000E+000 0.000000E+000
