$SPEC_ID:
No sample description was entered.
$SPEC_REM:
DET# 17
DETDESC# WD011-05 Easy-MCA-8k SN 13260149
AP# Maestro Version 7.01
$DATE_MEA:
05/22/2017 10:02:35
$MEAS_TIM:
240 241
$DATA:
0 1023
       0
       0
       0
       0
       0
       0
       0
       0
       0
       0
       0
       0
       0
       0
       0
       0
       0
       0
       0
       0
       0
       0
       0
       0
       0
       0
      63
     226
     154
     160
     147
     135
     144
     112
     123
     119
     131
     125
     123
     135
     126
     138
     159
     137
     140
     126
     127
     138
     139
     135
     143
     128
     138
     150
     130
     142
     106
     127
     137
     125
     144
     139
     137
     136
     144
     129
     136
     137
     129
     143
     147
     130
     141
     157
     140
     133
     126
     148
     129
     124
     134
     119
     134
     125
     112
     119
     135
     106
     135
     127
     121
     132
     132
     122
     121
     138
     123
     142
     151
     135
     156
     156
     152
     156
     130
     156
     166
     134
     118
     145
     157
     132
     135
     130
     117
     131
     133
     107
     125
      89
     116
     108
     123
      97
      95
     119
      80
      94
     117
     102
      95
     116
      99
     108
      79
      97
      78
      92
      88
      81
      86
      80
      78
      99
      86
      72
      86
      82
      69
      73
      83
      68
      69
      66
      66
      65
      57
      67
      64
      66
      69
      67
      70
      76
      70
      81
      62
      76
      60
      52
      66
      56
      72
      75
      55
      72
      61
      65
      48
      71
      79
      52
      72
      62
      60
      57
      64
      54
      55
      46
      54
      54
      67
      45
      49
      56
      60
      49
      59
      44
      66
      53
      44
      59
      52
      54
      52
      51
      52
      64
      56
      69
      52
      67
      49
      53
      53
      62
      51
      53
      51
      68
      63
      51
      67
      62
      45
      70
      55
      42
      57
      59
      58
      47
      48
      49
      60
      59
      59
      42
      48
      60
      67
      57
      63
      64
      44
      85
      74
      60
      76
      54
      55
      54
      56
      71
      74
      51
      58
      61
      43
      65
      60
      51
      62
      72
      66
      59
      45
      59
      55
      73
      57
      65
      60
      68
      62
      49
      65
      61
      48
      54
      57
      44
      55
      49
      53
      44
      48
      59
      42
      48
      41
      29
      28
      38
      36
      33
      31
      26
      22
      20
      21
      23
      19
      23
      21
      17
      20
      15
       9
      22
      18
      12
      13
      12
      11
       9
       6
      12
      14
      13
       8
       9
      11
       6
      12
       8
       8
      13
      14
       5
       9
       6
      10
       9
       8
       6
       5
      10
       6
       6
       9
       5
       5
       6
       5
       4
       4
      10
       3
       9
       3
       7
       2
       4
       2
       7
       5
       3
       7
       1
      13
       9
       2
       8
       5
       9
       6
       4
       3
       2
       9
       4
       2
       7
       3
       9
       7
       5
       4
       7
       7
       9
      14
       9
       8
      11
      17
      12
      23
      15
       7
      21
      18
      23
      22
      25
      21
      18
      29
      26
      30
      39
      35
      46
      42
      48
      53
      51
      43
      72
      52
      69
      61
      86
      65
      85
      93
      80
      82
      90
     104
      94
      80
      99
     108
     103
      96
      96
      96
      96
      89
      75
      72
      68
      66
      98
      56
      50
      53
      62
      51
      45
      47
      29
      40
      25
      17
      22
      14
      23
      27
      15
       8
      11
       8
       4
      10
       8
       9
       6
       4
       3
       4
       1
       0
       1
       2
       1
       1
       1
       0
       1
       2
       0
       0
       0
       0
       0
       0
       0
       0
       0
       1
       0
       0
       1
       0
       0
       0
       0
       1
       1
       0
       0
       0
       0
       0
       0
       0
       0
       0
       0
       0
       0
       0
       0
       0
       0
       0
       0
       0
       0
       0
       0
       0
       0
       0
       0
       0
       0
       0
       0
       0
       0
       0
       0
       1
       0
       1
       0
       0
       0
       0
       1
       0
       0
       0
       0
       0
       0
       1
       0
       0
       0
       1
       0
       0
       0
       0
       0
       0
       0
       1
       0
       0
       0
       0
       0
       0
       0
       0
       0
       0
       0
       0
       0
       0
       0
       0
       0
       0
       1
       0
       0
       0
       1
       0
       0
       0
       0
       0
       0
       0
       0
       0
       0
       0
       0
       0
       0
       0
       0
       0
       0
       0
       0
       0
       0
       0
       0
       1
       0
       0
       0
       0
       0
       0
       0
       0
       0
       0
       0
       1
       0
       0
       0
       0
       0
       0
       0
       0
       0
       0
       1
       0
       0
       1
       0
       0
       0
       0
       0
       0
       0
       0
       0
       0
       1
       0
       1
       0
       0
       1
       0
       1
       0
       0
       0
       0
       0
       1
       0
       0
       0
       0
       0
       0
       0
       0
       0
       0
       0
       0
       0
       0
       1
       0
       0
       0
       0
       0
       0
       0
       0
       0
       0
       0
       0
       1
       0
       0
       0
       0
       0
       0
       0
       0
       0
       0
       0
       0
       0
       0
       0
       0
       0
       0
       0
       0
       0
       0
       0
       0
       0
       0
       0
       0
       0
       1
       0
       0
       0
       0
       0
       0
       0
       1
       0
       1
       0
       0
       0
       2
       0
       0
       0
       0
       0
       0
       0
       0
       0
       0
       1
       0
       0
       0
       0
       0
       0
       0
       0
       0
       0
       0
       0
       0
       0
       0
       1
       0
       0
       0
       0
       0
       0
       0
       0
       0
       0
       1
       0
       2
       0
       0
       0
       0
       1
       0
       0
       0
       0
       0
       1
       0
       0
       0
       0
       1
       0
       0
       0
       0
       0
       0
       0
       0
       1
       0
       0
       0
       0
       0
       0
       0
       0
       0
       0
       0
       0
       0
       0
       0
       1
       0
       0
       0
       0
       0
       0
       0
       1
       0
       0
       0
       0
       0
       0
       0
       0
       0
       0
       0
       0
       0
       0
       0
       0
       0
       0
       0
       0
       1
       0
       0
       1
       0
       0
       0
       0
       0
       0
       0
       0
       0
       0
       0
       0
       0
       0
       0
       0
       0
       0
       0
       1
       0
       0
       0
       0
       0
       0
       0
       0
       0
       0
       0
       0
       0
       0
       0
       0
       0
       0
       0
       0
       0
       0
       0
       0
       0
       0
       1
       0
       0
       0
       0
       0
       0
       0
       0
       0
       0
       0
       0
       0
       0
       0
       0
       0
       0
       0
       0
       0
       0
       0
       0
       0
       0
       0
       0
       0
       0
       0
       1
       0
       0
       0
       0
       0
       0
       0
       0
       0
       0
       0
       1
       0
       0
       0
       0
       0
       0
       0
       0
       0
       0
       0
       0
       0
       0
       0
       0
       0
       0
       0
       0
       0
       0
       0
       0
       0
       0
       0
       0
       0
       0
       0
       0
       0
       0
       0
       0
       0
       0
       0
       0
       0
       0
       1
       0
       0
       0
       0
       0
       0
       1
       0
       0
       0
       0
       0
       0
       0
       0
       0
       0
       0
       1
       0
       0
       0
       0
       0
       0
       0
       0
       0
       0
       0
       0
       0
       0
       0
       0
       0
       0
       0
       0
       0
       0
       0
       0
       0
       0
       0
       0
       0
       0
       0
       0
       0
$ROI:
1
362 479
$PRESETS:
Live Time
240
0
$ENER_FIT:
0.000000 0.000000
$MCA_CAL:
3
0.000000E+000 0.000000E+000 0.000000E+000 
$SHAPE_CAL:
3
0.000000E+000 0.000000E+000 0.000000E+000
