$SPEC_ID:
No sample description was entered.
$SPEC_REM:
DET# 17
DETDESC# WD011-05 Easy-MCA-8k SN 13260149
AP# Maestro Version 7.01
$DATE_MEA:
06/08/2017 13:02:47
$MEAS_TIM:
300 301
$DATA:
0 1023
       0
       0
       0
       0
       0
       0
       0
       0
       0
       0
       0
       0
       0
       0
       0
       0
       0
       0
       0
       0
       0
       0
       0
       0
       0
       0
       0
       0
       0
       0
       0
       0
       0
       0
       0
       0
       0
       0
       0
       0
       1
      74
     148
     148
     163
     125
     136
     148
     165
     149
     153
     142
     150
     160
     160
     159
     176
     147
     144
     152
     144
     160
     182
     149
     170
     187
     139
     176
     161
     160
     156
     158
     165
     164
     160
     132
     153
     144
     141
     149
     141
     134
     163
     131
     159
     145
     143
     149
     139
     153
     144
     138
     153
     139
     138
     148
     146
     140
     147
     166
     164
     157
     187
     172
     145
     164
     151
     176
     160
     161
     168
     156
     148
     164
     162
     130
     135
     128
     143
     127
     126
     125
     122
     117
     106
     123
     102
     138
      99
     119
     112
     109
     109
     106
     106
      98
     109
      96
      98
      99
     108
      97
     107
     112
      96
      90
      82
      67
      83
      88
      97
      96
      97
      84
     105
     104
      83
      87
      89
      89
      86
      85
      94
      89
      92
      91
      65
      70
      68
      81
      81
      84
      60
      71
      92
      80
      76
      79
      78
      76
      82
      77
      65
      84
      94
      71
      80
      67
      74
      66
      70
      66
      98
      66
      60
      72
      63
      74
      75
      62
      70
      72
      50
      80
      61
      77
      62
      73
      70
      69
      66
      59
      80
      64
      65
      67
      63
      63
      66
      58
      62
      62
      68
      62
      65
      63
      64
      84
      60
      76
      62
      70
      68
      58
      68
      68
      74
      61
      55
      71
      72
      53
      62
      74
      56
      68
      57
      62
      64
      66
      48
      61
      67
      67
      60
      80
      78
      78
      61
      89
      61
      69
      82
      62
      61
      78
      65
      54
      62
      69
      64
      65
      84
      78
      61
      50
      67
      67
      58
      67
      63
      70
      74
      58
      56
      55
      70
      52
      72
      42
      52
      49
      46
      39
      31
      40
      34
      43
      39
      31
      26
      37
      41
      25
      32
      30
      30
      28
      15
      23
      26
      23
      20
      18
      23
       9
      11
      17
       9
      10
       6
      18
      15
      16
      14
      13
       9
      15
      15
       9
      10
       9
      10
       9
      10
      12
       5
       4
      15
      11
       5
       8
       5
       8
       7
       8
       7
       4
       9
       3
       6
       6
       9
      13
       5
       7
       6
       7
       9
       8
       4
       2
       3
       9
       5
       8
       8
       5
       6
       5
       6
       6
       8
      12
       7
       4
       7
       5
       5
       9
      10
       9
       7
      14
      11
      10
       9
      16
      11
      10
      16
      14
       9
      14
      20
      11
      22
      17
      25
      28
      34
      26
      35
      31
      28
      50
      46
      44
      53
      63
      47
      61
      71
      84
      66
      83
      80
      81
      84
      93
      84
     100
      90
     104
      88
     101
      92
     100
     112
     102
      81
      95
      87
      96
      97
      88
      86
      99
      86
      67
      86
      66
      63
      47
      52
      54
      49
      42
      38
      40
      31
      33
      41
      30
      16
      19
      14
      11
      16
      12
       9
      13
      14
       7
       3
       2
       1
       1
       4
       2
       2
       2
       0
       0
       1
       1
       1
       1
       0
       0
       1
       0
       1
       0
       1
       0
       0
       0
       0
       0
       1
       0
       1
       0
       0
       1
       0
       0
       0
       0
       0
       0
       0
       0
       0
       0
       1
       0
       0
       0
       0
       0
       0
       0
       0
       0
       0
       0
       0
       0
       0
       0
       0
       0
       0
       0
       1
       0
       0
       0
       0
       0
       0
       0
       0
       0
       1
       0
       0
       0
       0
       0
       0
       0
       0
       0
       0
       0
       1
       0
       0
       0
       0
       0
       0
       1
       2
       0
       0
       0
       0
       1
       0
       0
       0
       0
       0
       0
       0
       0
       1
       0
       0
       1
       0
       1
       0
       0
       0
       1
       0
       0
       0
       0
       1
       0
       0
       0
       1
       0
       0
       0
       0
       0
       0
       0
       0
       0
       0
       0
       0
       0
       0
       0
       0
       0
       0
       1
       0
       0
       0
       0
       0
       0
       0
       0
       0
       0
       0
       0
       0
       0
       0
       0
       0
       0
       0
       0
       0
       0
       0
       0
       0
       1
       1
       1
       0
       0
       0
       0
       0
       0
       0
       0
       0
       0
       0
       1
       0
       0
       0
       0
       0
       0
       0
       1
       0
       0
       1
       0
       0
       0
       0
       0
       0
       0
       2
       1
       1
       0
       0
       0
       0
       0
       0
       1
       1
       0
       0
       1
       0
       1
       0
       0
       1
       0
       0
       0
       0
       0
       0
       0
       0
       1
       0
       0
       1
       0
       0
       0
       0
       0
       0
       0
       0
       0
       0
       0
       0
       0
       0
       0
       0
       0
       0
       0
       0
       0
       0
       0
       0
       0
       0
       0
       0
       0
       0
       0
       0
       0
       0
       0
       1
       0
       0
       0
       1
       0
       0
       0
       0
       0
       0
       0
       0
       0
       0
       0
       0
       0
       0
       0
       0
       0
       0
       0
       0
       0
       0
       1
       0
       0
       0
       0
       0
       0
       0
       0
       0
       0
       0
       0
       0
       0
       0
       0
       0
       0
       0
       0
       0
       1
       0
       0
       0
       0
       0
       0
       0
       0
       0
       0
       1
       0
       0
       0
       0
       0
       0
       0
       0
       0
       0
       0
       2
       1
       0
       0
       0
       1
       0
       0
       1
       0
       0
       0
       0
       0
       0
       0
       1
       0
       0
       0
       0
       0
       0
       0
       0
       1
       0
       0
       0
       0
       0
       0
       0
       0
       0
       0
       0
       0
       0
       0
       0
       0
       0
       0
       0
       1
       0
       0
       0
       0
       0
       0
       0
       0
       0
       0
       0
       0
       0
       0
       0
       0
       0
       0
       0
       0
       0
       0
       0
       0
       0
       0
       0
       0
       0
       1
       0
       0
       0
       0
       0
       0
       0
       0
       0
       0
       0
       0
       0
       0
       0
       0
       0
       0
       0
       0
       0
       0
       0
       0
       0
       0
       0
       0
       0
       0
       0
       0
       0
       0
       0
       0
       0
       0
       0
       0
       0
       0
       0
       0
       0
       0
       0
       0
       0
       0
       0
       0
       0
       0
       1
       0
       0
       1
       0
       0
       0
       0
       0
       0
       0
       0
       0
       0
       0
       0
       0
       0
       0
       0
       0
       0
       0
       0
       0
       0
       0
       0
       0
       0
       0
       1
       0
       0
       0
       0
       0
       0
       0
       0
       0
       0
       1
       1
       0
       0
       0
       0
       1
       0
       0
       0
       0
       0
       0
       0
       1
       0
       0
       0
       0
       1
       0
       0
       0
       0
       0
       0
       0
       0
       0
       0
       0
       0
       0
       0
       0
       0
       0
       0
       0
       0
       0
       0
       0
       0
       0
       0
       0
       0
$ROI:
1
359 478
$PRESETS:
Live Time
300
0
$ENER_FIT:
0.000000 0.000000
$MCA_CAL:
3
0.000000E+000 0.000000E+000 0.000000E+000 
$SHAPE_CAL:
3
0.000000E+000 0.000000E+000 0.000000E+000
