$SPEC_ID:
No sample description was entered.
$SPEC_REM:
DET# 17
DETDESC# WD011-05 Easy-MCA-8k SN 13260149
AP# Maestro Version 7.01
$DATE_MEA:
06/08/2017 12:56:05
$MEAS_TIM:
300 301
$DATA:
0 1023
       0
       0
       0
       0
       0
       0
       0
       0
       0
       0
       0
       0
       0
       0
       0
       0
       0
       0
       0
       0
       0
       0
       0
       0
       0
       0
       0
       0
       0
       0
       0
       0
       0
       0
       0
       0
       0
       0
       0
       0
       0
      99
     166
     129
     138
     140
     126
     137
     148
     148
     135
     126
     143
     140
     154
     138
     158
     142
     131
     169
     145
     133
     164
     152
     138
     134
     153
     175
     163
     135
     191
     150
     156
     160
     136
     151
     157
     147
     145
     149
     156
     158
     145
     134
     134
     124
     153
     151
     136
     147
     132
     137
     153
     150
     152
     144
     158
     153
     149
     182
     165
     133
     157
     158
     151
     126
     141
     147
     150
     156
     131
     152
     147
     163
     126
     147
     148
     124
     126
     139
     144
     110
     135
     131
     109
     125
     127
     109
     122
      97
     118
     105
     110
      95
      96
     107
     114
     101
      75
      95
     101
     111
     108
      96
     109
      96
      89
      97
      92
      98
      92
      88
      80
      77
      75
      75
      77
      97
      71
      76
      84
      72
      80
      80
      78
      68
      82
      89
      70
      72
      68
      70
      79
      75
      74
      73
      69
      76
      79
      86
      80
      67
      62
      68
      68
      79
      72
      80
      86
      74
      72
      62
      65
      64
      74
      58
      61
      74
      70
      71
      64
      75
      68
      60
      70
      77
      73
      76
      70
      60
      68
      55
      52
      70
      72
      64
      73
      78
      64
      99
      56
      66
      87
      57
      69
      61
      67
      65
      73
      66
      70
      59
      65
      67
      75
      61
      64
      64
      79
      64
      72
      65
      59
      59
      79
      71
      74
      61
      74
      71
      77
      83
      60
      71
      67
      73
      62
      76
      61
      72
      71
      78
      61
      65
      74
      56
      96
      73
      51
      63
      59
      76
      69
      70
      80
      57
      59
      57
      51
      68
      69
      54
      57
      73
      65
      65
      54
      70
      65
      50
      45
      59
      50
      56
      54
      35
      33
      49
      37
      37
      40
      29
      27
      37
      32
      29
      17
      19
      25
      37
      13
      17
      17
      20
      17
      14
      17
      20
      16
      15
      12
      13
      19
      16
      16
      12
      14
      10
      12
       9
      11
      17
       9
       8
       4
       4
      11
       6
       9
       6
       7
       8
       7
      12
       1
       8
       9
       8
       7
       2
       6
       5
       5
       6
      10
      10
      10
       5
       9
       5
       4
       4
       8
       3
       3
       6
       4
       7
       8
       2
       5
       8
       9
       6
      10
       9
      11
       6
       6
      10
      12
       5
       9
      14
       9
      11
       9
      16
      10
      13
      15
      17
      12
      13
      13
      32
      16
      29
      25
      31
      25
      21
      31
      27
      46
      43
      43
      39
      46
      55
      59
      53
      70
      76
      70
      84
      59
      87
      73
      80
      93
      87
      79
      81
      91
     108
     100
     117
      97
      96
      99
      90
      87
      78
      88
      76
      88
      79
      74
      75
      61
      48
      52
      69
      50
      36
      51
      37
      41
      36
      30
      25
      33
      29
      24
      18
      15
      12
      14
       9
       8
      12
       6
       2
       2
       6
       7
       3
       2
       3
       3
       3
       1
       1
       0
       1
       2
       0
       0
       1
       1
       0
       0
       1
       0
       1
       0
       0
       0
       0
       0
       0
       0
       0
       0
       0
       0
       0
       0
       0
       0
       0
       0
       0
       0
       0
       0
       0
       0
       0
       0
       0
       0
       1
       0
       0
       0
       0
       0
       1
       0
       0
       0
       0
       0
       0
       0
       0
       0
       0
       0
       0
       0
       0
       0
       0
       0
       1
       0
       0
       1
       0
       0
       1
       0
       0
       0
       0
       0
       1
       0
       0
       0
       0
       0
       0
       1
       0
       0
       0
       0
       0
       0
       0
       0
       1
       0
       0
       0
       0
       0
       0
       0
       0
       0
       0
       0
       0
       0
       0
       0
       0
       0
       0
       0
       0
       0
       0
       0
       0
       0
       0
       0
       0
       0
       0
       0
       0
       0
       0
       0
       0
       0
       0
       0
       0
       0
       0
       0
       0
       0
       0
       0
       0
       0
       1
       0
       0
       1
       0
       2
       0
       1
       0
       0
       0
       0
       1
       0
       0
       0
       0
       0
       0
       0
       0
       0
       0
       0
       0
       0
       0
       0
       0
       0
       0
       0
       0
       0
       0
       0
       0
       0
       0
       0
       0
       0
       0
       0
       0
       0
       0
       0
       0
       0
       0
       0
       0
       0
       0
       1
       0
       0
       0
       0
       0
       1
       0
       0
       0
       0
       0
       1
       0
       0
       0
       0
       0
       0
       0
       0
       0
       0
       0
       0
       1
       0
       0
       0
       0
       0
       0
       0
       0
       0
       0
       0
       0
       0
       0
       0
       0
       1
       0
       0
       0
       0
       0
       0
       0
       0
       0
       0
       0
       0
       0
       0
       0
       0
       0
       0
       0
       0
       0
       0
       0
       0
       1
       0
       0
       0
       0
       0
       0
       0
       1
       0
       1
       0
       0
       0
       0
       0
       0
       0
       0
       0
       0
       0
       0
       0
       0
       0
       0
       0
       0
       1
       0
       0
       0
       0
       0
       0
       0
       0
       0
       0
       0
       0
       0
       0
       0
       0
       0
       0
       1
       0
       0
       0
       0
       0
       0
       0
       0
       0
       1
       0
       0
       0
       0
       0
       0
       0
       0
       0
       0
       0
       0
       0
       0
       1
       1
       0
       0
       0
       0
       0
       0
       0
       0
       0
       0
       2
       0
       0
       0
       0
       0
       0
       0
       0
       1
       0
       0
       0
       2
       0
       0
       1
       0
       0
       0
       0
       0
       0
       0
       0
       0
       0
       0
       0
       0
       0
       0
       0
       0
       0
       0
       0
       0
       0
       1
       0
       0
       0
       1
       0
       0
       0
       0
       0
       0
       0
       0
       1
       0
       0
       0
       0
       0
       0
       0
       0
       0
       0
       0
       0
       0
       0
       0
       0
       0
       0
       0
       0
       0
       0
       0
       0
       0
       0
       0
       0
       0
       0
       0
       0
       0
       0
       0
       0
       0
       0
       0
       0
       0
       0
       0
       0
       0
       0
       0
       0
       0
       0
       0
       0
       0
       0
       0
       0
       0
       0
       0
       0
       0
       0
       0
       0
       0
       0
       0
       0
       0
       1
       0
       0
       0
       0
       0
       0
       0
       0
       0
       0
       0
       0
       0
       0
       0
       0
       0
       0
       0
       0
       0
       0
       0
       0
       0
       0
       1
       0
       0
       0
       0
       0
       0
       0
       0
       0
       0
       0
       0
       0
       0
       1
       0
       1
       0
       0
       0
       0
       0
       0
       0
       0
       0
       0
       0
       0
       0
       0
       0
       0
       0
       0
       0
       0
       0
       0
       0
       0
       0
       0
       0
       0
       0
       0
       0
       0
       0
       0
       0
$ROI:
1
359 478
$PRESETS:
Live Time
300
0
$ENER_FIT:
0.000000 0.000000
$MCA_CAL:
3
0.000000E+000 0.000000E+000 0.000000E+000 
$SHAPE_CAL:
3
0.000000E+000 0.000000E+000 0.000000E+000
