$SPEC_ID:
No sample description was entered.
$SPEC_REM:
DET# 17
DETDESC# WD011-05 Easy-MCA-8k SN 13260149
AP# Maestro Version 7.01
$DATE_MEA:
06/15/2017 09:52:21
$MEAS_TIM:
360 368
$DATA:
0 1023
       0
       0
       0
       0
       0
       0
       0
       0
       0
       0
       0
       0
       0
       0
       0
       0
       0
       0
       0
       0
       0
       0
       0
       0
       0
       0
       1
       0
       0
     851
    2101
    1200
     707
     482
     353
     295
     292
     234
     273
     233
     238
     253
     228
     231
     260
     251
     233
     282
     209
     294
     240
     282
     223
     242
     265
     225
     226
     227
     251
     278
     244
     237
     247
     250
     247
     267
     254
     247
     257
     249
     267
     234
     244
     237
     217
     236
     206
     248
     234
     240
     252
     227
     255
     257
     260
     251
     273
     264
     273
     279
     283
     287
     298
     261
     284
     247
     277
     221
     269
     271
     232
     247
     269
     259
     214
     240
     220
     252
     230
     229
     222
     190
     216
     211
     190
     184
     172
     179
     197
     167
     178
     157
     178
     161
     167
     155
     140
     148
     152
     136
     148
     177
     128
     135
     131
     157
     142
     134
     125
     142
     148
     148
     128
     143
     135
     140
     124
     128
     121
     123
     120
     126
     140
     125
     126
     133
     112
     137
      99
     126
     126
     111
     105
     115
     114
     112
     122
     110
     117
      86
     126
     109
     106
     114
     113
     116
     114
     102
     110
     111
     103
      94
     129
      97
     121
     100
      99
     119
     111
     106
      98
      91
     117
     120
     122
     126
     109
     117
      96
     127
     107
     115
     112
      97
     117
     109
     111
     119
     130
     109
     135
     110
     116
     134
     125
     123
     130
     111
     122
     136
      89
     119
     124
     119
     122
     113
     106
     145
     118
     110
     112
      99
     112
      87
     108
     102
     110
     117
     122
     118
      90
      85
      83
      82
      97
      80
      72
      93
      70
      62
      74
      55
      56
      53
      46
      49
      64
      33
      49
      32
      40
      38
      26
      48
      37
      35
      31
      41
      25
      30
      24
      27
      26
      24
      13
      24
      21
      24
      27
      15
      19
      15
      18
      11
      12
      14
      12
      10
      12
      16
      15
      19
      15
      11
      11
       9
      12
      17
      14
      10
       5
       9
      12
      14
      10
      10
      11
      17
       9
       9
      11
      10
      13
       7
      10
      11
      16
      15
       9
      13
      18
       9
      22
      14
      24
      22
      14
      16
      24
      18
      39
      29
      38
      33
      35
      45
      36
      33
      51
      60
      63
      66
      76
      75
      74
      82
      96
     110
     128
     113
     123
     121
     138
     135
     144
     152
     138
     152
     157
     145
     153
     156
     146
     144
     167
     173
     149
     155
     118
     147
     138
     113
     108
      97
      97
      80
      77
      94
      80
      79
      63
      65
      62
      44
      52
      43
      37
      26
      29
      22
      25
      22
      21
      14
      17
      11
       9
       7
       4
       4
       5
       8
       2
       3
       2
       1
       0
       1
       3
       1
       1
       3
       1
       1
       1
       1
       0
       0
       0
       0
       0
       0
       0
       1
       0
       0
       0
       0
       2
       0
       0
       1
       1
       0
       0
       0
       0
       0
       0
       1
       0
       0
       0
       0
       0
       0
       0
       0
       0
       0
       0
       0
       1
       1
       0
       1
       0
       0
       0
       0
       0
       1
       0
       0
       0
       0
       0
       0
       1
       0
       1
       0
       0
       0
       0
       0
       1
       0
       0
       0
       0
       0
       0
       1
       0
       0
       1
       0
       0
       0
       0
       0
       0
       0
       0
       0
       0
       0
       0
       0
       0
       1
       0
       1
       0
       0
       0
       0
       0
       0
       1
       0
       0
       0
       0
       0
       0
       1
       0
       0
       0
       0
       0
       0
       0
       0
       0
       0
       0
       0
       0
       0
       0
       0
       0
       0
       0
       0
       0
       1
       0
       0
       0
       0
       0
       0
       0
       1
       0
       0
       0
       0
       0
       0
       1
       0
       0
       0
       0
       0
       0
       0
       1
       0
       0
       0
       1
       0
       0
       0
       0
       0
       0
       1
       0
       0
       0
       0
       0
       0
       0
       0
       0
       1
       0
       0
       0
       0
       3
       1
       0
       0
       0
       0
       0
       0
       0
       1
       0
       0
       0
       0
       0
       0
       0
       0
       0
       1
       0
       0
       0
       0
       1
       0
       0
       1
       0
       0
       1
       0
       0
       0
       0
       0
       0
       0
       0
       0
       0
       0
       1
       0
       0
       0
       1
       0
       1
       0
       1
       0
       0
       0
       0
       0
       1
       0
       0
       1
       0
       0
       1
       1
       0
       3
       0
       0
       0
       0
       0
       0
       0
       0
       0
       0
       0
       0
       1
       0
       1
       0
       0
       1
       0
       0
       0
       0
       0
       1
       0
       1
       0
       0
       0
       0
       0
       0
       0
       0
       0
       0
       0
       0
       0
       0
       0
       0
       0
       0
       1
       0
       0
       0
       0
       0
       0
       1
       0
       0
       0
       0
       0
       0
       0
       0
       1
       0
       0
       0
       0
       0
       0
       0
       0
       0
       0
       1
       0
       0
       0
       0
       0
       0
       1
       0
       0
       0
       0
       0
       0
       0
       0
       1
       0
       0
       0
       0
       0
       0
       0
       0
       0
       0
       0
       0
       0
       0
       0
       0
       0
       0
       1
       0
       0
       0
       1
       0
       0
       0
       0
       0
       0
       0
       0
       0
       0
       0
       0
       0
       0
       0
       0
       0
       0
       0
       0
       0
       0
       0
       0
       0
       0
       0
       0
       0
       0
       0
       0
       0
       0
       0
       1
       0
       0
       0
       0
       0
       0
       0
       0
       0
       0
       0
       0
       0
       0
       1
       0
       1
       0
       0
       0
       0
       0
       0
       0
       0
       0
       0
       0
       0
       0
       0
       0
       0
       0
       0
       0
       0
       0
       0
       0
       0
       0
       0
       0
       0
       1
       0
       0
       0
       0
       0
       0
       0
       0
       0
       0
       0
       1
       0
       1
       0
       0
       0
       0
       0
       0
       0
       0
       0
       0
       0
       0
       0
       0
       0
       0
       0
       0
       0
       0
       0
       0
       0
       0
       0
       0
       0
       0
       0
       0
       0
       0
       0
       0
       0
       0
       0
       0
       0
       0
       0
       0
       0
       0
       0
       0
       0
       0
       0
       0
       0
       0
       0
       0
       0
       0
       0
       0
       0
       0
       0
       0
       0
       0
       0
       0
       0
       0
       0
       0
       0
       1
       0
       0
       0
       0
       0
       0
       0
       0
       0
       0
       0
       0
       0
       0
       0
       0
       0
       0
       0
       0
       0
       0
       0
       0
       0
       0
       0
       0
       0
       0
       0
       0
       0
       0
       0
       0
       0
       0
       0
       0
       0
       0
       0
       0
       0
       0
       0
       0
       0
       0
       0
       0
       0
       0
       0
       0
       0
       0
       0
       0
       0
       0
       0
       0
       0
       0
       0
       0
       0
       0
       0
       0
       0
       0
       0
       0
       0
       0
       0
       0
       0
       0
       0
       0
       0
       0
       0
       0
       0
       0
       0
$ROI:
1
300 418
$PRESETS:
Live Time
360
0
$ENER_FIT:
0.000000 0.000000
$MCA_CAL:
3
0.000000E+000 0.000000E+000 0.000000E+000 
$SHAPE_CAL:
3
0.000000E+000 0.000000E+000 0.000000E+000
