$SPEC_ID:
No sample description was entered.
$SPEC_REM:
DET# 17
DETDESC# WD011-05 Easy-MCA-8k SN 13260149
AP# Maestro Version 7.01
$DATE_MEA:
06/15/2017 09:35:10
$MEAS_TIM:
452 462
$DATA:
0 1023
       0
       0
       0
       0
       0
       0
       0
       0
       0
       0
       0
       0
       0
       0
       0
       0
       0
       0
       0
       0
       0
       0
       0
       0
       0
       0
       0
       0
       0
    1012
    2558
    1433
     939
     593
     444
     382
     359
     355
     331
     289
     293
     322
     282
     295
     319
     313
     291
     323
     304
     299
     323
     313
     293
     267
     317
     309
     306
     299
     321
     281
     290
     325
     348
     325
     320
     310
     349
     343
     309
     306
     273
     310
     273
     303
     276
     312
     309
     307
     312
     326
     310
     307
     350
     313
     299
     324
     312
     346
     333
     329
     370
     330
     341
     335
     348
     345
     343
     350
     344
     354
     338
     290
     321
     335
     335
     281
     322
     307
     269
     279
     284
     247
     274
     269
     224
     235
     273
     238
     235
     249
     195
     218
     241
     224
     196
     206
     207
     204
     211
     196
     194
     179
     206
     176
     163
     179
     176
     170
     197
     132
     170
     179
     170
     169
     160
     167
     174
     155
     181
     146
     146
     165
     152
     153
     159
     146
     129
     161
     127
     149
     150
     140
     144
     149
     144
     124
     151
     137
     136
     139
     147
     159
     130
     129
     149
     146
     132
     147
     151
     133
     142
     144
     132
     137
     127
     140
     132
     142
     129
     134
     143
     142
     144
     149
     110
     156
     137
     139
     137
     153
     129
     141
     164
     139
     147
     132
     151
     150
     173
     144
     143
     141
     156
     160
     146
     149
     157
     164
     154
     148
     163
     138
     133
     143
     157
     153
     152
     176
     157
     125
     154
     132
     165
     140
     144
     146
     136
     121
     143
     155
     117
     114
     126
     140
     124
     112
      89
     119
      98
      99
     100
      90
      91
      76
      63
      77
      74
      59
      70
      44
      46
      49
      48
      44
      48
      46
      43
      41
      31
      38
      34
      40
      23
      33
      30
      30
      26
      25
      27
      24
      28
      24
      23
      16
      20
      17
      19
      23
      16
      17
      15
      27
      19
      12
       9
      15
      14
      17
      16
      10
      11
      12
       6
       9
      11
      13
      15
      10
      15
      19
      13
       8
      13
      16
      18
      16
      17
      21
      12
      15
      18
      25
      13
      16
      16
      24
      22
      22
      23
      26
      32
      19
      35
      38
      40
      32
      50
      45
      63
      55
      62
      79
      94
      85
      68
     102
      90
     101
     120
      98
     134
     143
     148
     166
     177
     154
     184
     207
     196
     199
     200
     174
     211
     180
     199
     189
     196
     189
     211
     196
     198
     171
     170
     151
     169
     160
     144
     140
     102
     112
     111
     108
      97
      94
      69
      61
      64
      56
      59
      56
      32
      33
      21
      21
      18
      14
      20
      22
      15
       8
       8
       7
      10
       7
       1
       4
       7
       4
       3
       2
       1
       0
       1
       0
       2
       1
       0
       0
       0
       1
       1
       3
       1
       0
       0
       0
       0
       1
       0
       2
       0
       0
       0
       0
       1
       0
       1
       0
       1
       2
       0
       1
       0
       0
       0
       1
       0
       0
       0
       0
       1
       0
       0
       0
       0
       0
       0
       1
       0
       0
       0
       0
       0
       0
       0
       0
       0
       0
       0
       1
       0
       0
       0
       0
       0
       0
       0
       0
       0
       1
       0
       0
       0
       1
       0
       1
       0
       0
       0
       0
       1
       1
       0
       0
       2
       1
       0
       1
       0
       0
       0
       0
       1
       0
       1
       0
       0
       0
       0
       2
       0
       0
       0
       0
       0
       0
       0
       0
       1
       1
       0
       0
       1
       0
       1
       1
       0
       0
       0
       0
       0
       0
       0
       0
       0
       0
       1
       0
       0
       1
       1
       0
       0
       0
       1
       0
       0
       0
       1
       0
       0
       0
       1
       1
       1
       0
       0
       0
       0
       0
       0
       0
       0
       1
       0
       0
       0
       1
       0
       0
       0
       0
       0
       0
       0
       0
       0
       1
       0
       0
       1
       0
       1
       0
       0
       0
       2
       0
       0
       0
       0
       0
       0
       0
       0
       0
       0
       0
       1
       0
       0
       1
       0
       0
       0
       0
       0
       1
       0
       0
       0
       0
       1
       1
       0
       0
       0
       1
       0
       0
       0
       1
       0
       0
       0
       0
       1
       0
       0
       1
       0
       0
       0
       0
       0
       0
       0
       0
       0
       0
       0
       0
       1
       0
       1
       0
       0
       1
       0
       0
       0
       0
       0
       0
       0
       0
       0
       0
       0
       1
       0
       0
       0
       0
       0
       0
       0
       0
       0
       0
       0
       0
       0
       1
       0
       0
       0
       0
       0
       0
       1
       0
       1
       0
       1
       0
       0
       0
       1
       0
       0
       0
       0
       0
       0
       1
       0
       0
       0
       0
       0
       0
       1
       1
       0
       0
       2
       0
       0
       0
       0
       0
       0
       0
       0
       0
       0
       0
       0
       0
       0
       2
       0
       0
       0
       0
       0
       0
       0
       0
       0
       0
       0
       0
       0
       1
       1
       0
       0
       0
       0
       0
       1
       0
       0
       0
       0
       0
       0
       0
       0
       0
       0
       0
       1
       0
       0
       0
       0
       0
       0
       0
       1
       0
       0
       0
       0
       0
       0
       0
       0
       0
       0
       0
       0
       0
       0
       0
       0
       0
       0
       0
       0
       0
       0
       0
       0
       0
       0
       0
       0
       0
       0
       0
       0
       0
       0
       0
       0
       0
       0
       0
       0
       0
       0
       0
       0
       0
       0
       0
       0
       0
       0
       0
       0
       0
       0
       0
       0
       0
       0
       0
       1
       0
       0
       1
       1
       0
       0
       0
       0
       0
       0
       0
       0
       0
       1
       0
       0
       1
       0
       0
       0
       0
       0
       1
       0
       0
       0
       0
       0
       0
       0
       0
       1
       0
       0
       0
       0
       0
       0
       0
       0
       1
       0
       0
       0
       0
       0
       0
       0
       0
       0
       0
       0
       0
       0
       0
       0
       0
       1
       0
       1
       0
       0
       0
       0
       0
       0
       0
       0
       0
       0
       0
       0
       0
       0
       0
       0
       0
       0
       0
       0
       0
       0
       0
       0
       0
       0
       0
       0
       0
       0
       0
       0
       0
       0
       0
       0
       0
       0
       0
       0
       0
       1
       0
       0
       0
       0
       0
       0
       0
       0
       1
       0
       0
       0
       0
       0
       0
       0
       0
       1
       0
       0
       0
       0
       0
       0
       0
       0
       0
       0
       0
       0
       0
       0
       0
       0
       0
       0
       0
       0
       0
       0
       0
       0
       0
       0
       0
       0
       0
       0
       0
       0
       0
       0
       0
       0
       0
       0
       0
       0
       0
       0
       0
       0
       0
       0
       0
       0
       0
       0
       0
       0
       0
       0
       0
       0
       0
       0
       0
       0
       0
       0
       0
       0
       0
       0
       0
       0
       0
       0
       0
       0
       0
       0
       0
       0
       0
       0
       0
       0
       0
$ROI:
1
300 418
$PRESETS:
Live Time
600
0
$ENER_FIT:
0.000000 0.000000
$MCA_CAL:
3
0.000000E+000 0.000000E+000 0.000000E+000 
$SHAPE_CAL:
3
0.000000E+000 0.000000E+000 0.000000E+000
