$SPEC_ID:
No sample description was entered.
$SPEC_REM:
DET# 17
DETDESC# WD011-05 Easy-MCA-8k SN 13260149
AP# Maestro Version 7.01
$DATE_MEA:
06/08/2017 12:47:45
$MEAS_TIM:
304 306
$DATA:
0 1023
       0
       0
       0
       0
       0
       0
       0
       0
       0
       0
       0
       0
       0
       0
       0
       0
       0
       0
       0
       0
       0
       0
       0
       0
       0
       0
       0
       0
       0
       0
       0
       0
       0
       0
       0
       0
       0
       0
       0
       0
       1
      92
     147
     140
     152
     116
     147
     159
     136
     126
     147
     135
     137
     146
     140
     136
     146
     161
     157
     128
     141
     139
     136
     149
     149
     128
     132
     125
     156
     145
     146
     134
     130
     161
     154
     152
     161
     140
     136
     138
     133
     125
     131
     139
     147
     124
     116
     127
     141
     135
     129
     114
     129
     133
     126
     123
     140
     176
     151
     136
     145
     143
     153
     132
     144
     149
     177
     166
     150
     152
     155
     145
     121
     122
     151
     149
     150
     132
     120
     122
     125
     122
     111
     116
     114
     108
     103
     103
     124
     112
     111
     104
     121
      90
     104
      99
     120
      93
      90
      93
     105
      98
      91
     112
      87
      84
      88
     106
      91
      91
      84
      86
      72
      86
      80
      94
      76
      81
      77
      76
      79
      75
      84
      70
      76
      81
      78
      76
      75
      85
      63
      76
      60
      81
      61
      68
      55
      71
      71
      69
      74
      78
      72
      66
      66
      78
      84
      63
      60
      70
      79
      56
      56
      60
      80
      64
      88
      76
      62
      65
      37
      70
      59
      61
      64
      54
      50
      67
      72
      48
      79
      63
      68
      76
      81
      63
      58
      64
      51
      60
      68
      57
      64
      63
      67
      56
      63
      65
      55
      57
      70
      64
      50
      69
      69
      55
      60
      60
      57
      61
      72
      56
      78
      63
      72
      63
      72
      70
      64
      54
      59
      80
      66
      54
      57
      64
      65
      55
      54
      68
      87
      52
      56
      61
      69
      57
      66
      68
      66
      77
      62
      51
      65
      80
      70
      74
      69
      72
      66
      56
      59
      70
      63
      56
      65
      52
      71
      54
      65
      54
      58
      55
      53
      36
      43
      44
      51
      31
      32
      38
      33
      45
      36
      24
      24
      23
      27
      24
      30
      16
      24
      20
      22
      19
      15
      20
      21
      16
      12
      20
      16
       8
      19
      16
      11
       8
      13
       9
      11
      15
      16
       8
      17
      11
      11
      11
      12
       8
       7
       8
       8
       9
       4
       5
       9
       8
      10
      10
       4
      10
       6
      11
       6
       3
       7
       5
       9
       9
       5
       4
       6
       9
       6
       3
       6
       6
       0
       8
       7
       1
       5
      10
       9
       5
       7
       6
       6
       5
       8
       2
       4
       6
       5
       8
       7
       8
      11
       8
      11
       9
      18
      11
      12
      16
      19
      14
      15
      18
      10
      23
      23
      34
      20
      28
      22
      35
      31
      34
      48
      41
      51
      53
      54
      45
      70
      62
      56
      74
      80
      78
      85
      78
      88
      90
      71
     100
     119
     102
      82
      99
      89
      93
      84
      89
      80
      89
      73
      86
      72
      68
      67
      88
      58
      86
      54
      59
      58
      50
      40
      40
      35
      34
      32
      28
      21
      28
      23
      20
      15
      13
      16
      10
      11
      12
      10
       5
      10
       4
       3
       4
       2
       3
       4
       1
       0
       0
       4
       0
       0
       0
       0
       0
       0
       0
       0
       0
       0
       0
       1
       0
       1
       1
       0
       1
       0
       0
       0
       0
       0
       0
       0
       0
       0
       0
       1
       2
       0
       1
       0
       0
       0
       0
       0
       0
       0
       1
       1
       0
       0
       0
       0
       0
       1
       1
       0
       0
       0
       0
       0
       0
       0
       0
       0
       0
       0
       0
       1
       0
       0
       0
       1
       0
       0
       0
       0
       0
       0
       0
       0
       0
       0
       0
       1
       0
       0
       0
       0
       0
       0
       0
       1
       0
       0
       0
       0
       0
       1
       0
       0
       0
       1
       0
       0
       0
       0
       0
       0
       0
       0
       0
       1
       0
       0
       0
       0
       2
       0
       0
       0
       0
       0
       0
       0
       0
       0
       1
       0
       0
       0
       0
       1
       0
       1
       0
       0
       0
       0
       0
       0
       0
       1
       0
       0
       0
       0
       1
       0
       0
       0
       0
       0
       0
       0
       0
       0
       1
       0
       0
       0
       0
       0
       0
       0
       0
       0
       0
       0
       0
       0
       0
       0
       0
       0
       0
       0
       0
       0
       0
       0
       1
       0
       0
       0
       0
       0
       1
       0
       1
       0
       0
       0
       1
       1
       1
       0
       1
       0
       0
       1
       1
       0
       0
       0
       0
       0
       0
       0
       0
       0
       1
       0
       0
       0
       0
       0
       0
       0
       0
       0
       0
       0
       0
       0
       0
       0
       0
       0
       0
       0
       0
       1
       0
       0
       0
       0
       0
       0
       0
       0
       0
       0
       0
       0
       0
       0
       0
       0
       0
       0
       0
       0
       1
       0
       0
       1
       0
       0
       0
       1
       0
       0
       0
       0
       0
       0
       0
       0
       0
       0
       0
       0
       0
       0
       0
       0
       0
       0
       1
       0
       0
       0
       0
       0
       0
       0
       0
       0
       0
       2
       1
       0
       0
       0
       0
       0
       0
       0
       1
       0
       0
       1
       0
       1
       0
       0
       0
       1
       1
       0
       0
       1
       0
       1
       0
       0
       0
       0
       0
       1
       0
       0
       0
       0
       0
       0
       0
       0
       1
       0
       3
       0
       0
       0
       0
       0
       0
       0
       0
       0
       1
       0
       0
       0
       0
       0
       0
       0
       1
       0
       0
       0
       0
       0
       0
       0
       0
       0
       0
       0
       0
       0
       0
       0
       0
       1
       0
       0
       0
       0
       0
       0
       0
       0
       0
       0
       0
       0
       0
       0
       0
       0
       1
       0
       1
       0
       0
       0
       0
       0
       0
       0
       0
       0
       1
       0
       0
       0
       0
       0
       0
       0
       0
       0
       0
       0
       0
       0
       0
       0
       0
       0
       0
       1
       0
       0
       0
       0
       0
       0
       0
       0
       0
       0
       0
       0
       0
       0
       0
       0
       0
       0
       0
       0
       0
       0
       0
       0
       1
       0
       0
       0
       0
       0
       0
       0
       0
       0
       0
       0
       0
       0
       0
       0
       0
       0
       0
       0
       0
       0
       0
       0
       0
       0
       0
       0
       0
       1
       0
       0
       0
       0
       0
       0
       0
       0
       0
       0
       0
       0
       0
       1
       0
       0
       0
       0
       0
       0
       0
       0
       0
       0
       0
       0
       0
       0
       0
       0
       0
       0
       0
       0
       1
       0
       0
       0
       0
       0
       0
       0
       0
       0
       0
       0
       1
       0
       0
       0
       0
       1
       0
       0
       0
       0
       0
       0
       1
       0
       0
       0
       0
       0
       0
       0
       0
       0
       0
       0
       0
       0
       0
       0
       0
       0
       0
       0
       0
       0
       0
       0
       0
       0
       0
       0
       0
$ROI:
1
359 478
$PRESETS:
Live Time
36000
0
$ENER_FIT:
0.000000 0.000000
$MCA_CAL:
3
0.000000E+000 0.000000E+000 0.000000E+000 
$SHAPE_CAL:
3
0.000000E+000 0.000000E+000 0.000000E+000
