$SPEC_ID:
No sample description was entered.
$SPEC_REM:
DET# 17
DETDESC# WD011-05 Easy-MCA-8k SN 13260149
AP# Maestro Version 7.01
$DATE_MEA:
06/15/2017 09:54:52
$MEAS_TIM:
360 368
$DATA:
0 1023
       0
       0
       0
       0
       0
       0
       0
       0
       0
       0
       0
       0
       0
       0
       0
       0
       0
       0
       0
       0
       0
       0
       0
       0
       0
       0
       0
       0
       0
     784
    1946
    1141
     673
     435
     318
     293
     253
     251
     258
     242
     224
     229
     252
     219
     227
     231
     230
     223
     230
     256
     216
     235
     232
     263
     237
     236
     211
     236
     246
     235
     234
     239
     222
     265
     267
     265
     227
     245
     239
     235
     243
     224
     215
     240
     236
     223
     257
     247
     242
     239
     257
     256
     226
     225
     259
     259
     301
     278
     262
     262
     257
     269
     266
     264
     271
     267
     282
     274
     253
     258
     261
     240
     235
     269
     232
     222
     221
     215
     217
     193
     217
     192
     177
     192
     213
     193
     169
     181
     175
     173
     172
     170
     144
     149
     177
     176
     152
     144
     146
     155
     167
     151
     151
     144
     135
     161
     145
     142
     126
     133
     119
     124
     136
     119
     131
     105
     139
     131
     148
     123
     124
     100
     108
     120
     114
     104
      98
     108
     106
     141
     127
      97
     126
     124
     123
     109
     111
      92
     103
     110
     108
     111
     119
     125
     114
     104
     100
     122
     119
      97
     100
     113
     109
     112
      91
      81
     102
     106
     117
     109
      99
     126
     112
     113
     124
     114
     107
     105
     106
     117
     107
     109
     114
     104
      93
      94
     117
     120
     115
      89
     110
      97
     117
     119
     102
     103
     116
     106
     109
     124
     121
     112
     122
     105
     134
     103
     105
     112
     107
     126
     137
     114
     114
      91
      89
      88
      98
     119
     125
     104
      93
      93
      89
      96
      94
      71
      88
      70
      85
      70
      57
      70
      71
      52
      51
      61
      40
      56
      53
      39
      45
      37
      32
      32
      30
      31
      37
      27
      34
      33
      34
      25
      24
      16
      27
      23
      18
      16
      17
      14
      16
      20
      17
      17
      21
      13
      15
      12
      16
      14
      12
      10
      13
       9
      11
      12
       9
      11
      10
      10
      16
      14
      12
      20
       7
       8
      14
       5
      10
      16
      10
       8
      11
      15
       9
      17
       6
      12
      14
      17
      10
      13
      13
      13
      10
      14
      15
      22
      19
      13
      24
      19
      30
      20
      30
      28
      46
      34
      34
      45
      47
      43
      45
      65
      64
      78
      86
      74
      99
      96
     101
     131
     105
     111
     124
     135
     125
     148
     134
     158
     152
     155
     166
     158
     132
     155
     172
     150
     155
     145
     141
     130
     138
     134
     120
     114
     110
     105
      83
      84
      87
      76
      71
      61
      50
      54
      41
      36
      36
      25
      27
      41
      23
      18
      17
      13
      12
      17
      13
       6
       5
       4
       8
       2
       7
       4
       2
       0
       2
       1
       1
       3
       1
       0
       2
       1
       2
       1
       0
       0
       1
       0
       0
       1
       0
       0
       0
       0
       0
       0
       0
       0
       0
       0
       0
       0
       2
       0
       1
       0
       0
       0
       0
       0
       0
       1
       1
       0
       0
       0
       0
       2
       1
       0
       0
       0
       0
       1
       2
       0
       1
       0
       0
       0
       0
       0
       1
       0
       0
       1
       1
       1
       0
       0
       0
       0
       0
       1
       0
       2
       1
       0
       1
       0
       1
       0
       0
       0
       0
       0
       0
       1
       0
       0
       0
       0
       0
       0
       0
       0
       0
       1
       0
       0
       0
       0
       0
       1
       0
       0
       1
       0
       1
       0
       0
       0
       0
       1
       0
       0
       0
       0
       0
       0
       0
       1
       0
       0
       0
       1
       1
       2
       1
       0
       0
       0
       2
       0
       0
       0
       1
       1
       0
       0
       0
       0
       0
       0
       0
       0
       0
       0
       0
       0
       1
       1
       0
       0
       0
       0
       0
       0
       1
       0
       0
       0
       0
       0
       2
       0
       0
       0
       0
       0
       0
       0
       0
       1
       0
       0
       0
       0
       0
       0
       0
       0
       0
       0
       0
       0
       0
       0
       0
       0
       1
       0
       0
       0
       0
       0
       0
       0
       0
       0
       1
       0
       0
       0
       0
       2
       0
       0
       0
       0
       0
       0
       0
       1
       0
       0
       0
       0
       0
       0
       0
       0
       1
       0
       0
       0
       0
       0
       0
       1
       0
       0
       0
       0
       0
       0
       0
       0
       0
       0
       0
       0
       0
       1
       0
       0
       0
       1
       0
       0
       0
       0
       0
       0
       0
       0
       0
       0
       0
       1
       0
       1
       0
       2
       0
       0
       0
       1
       0
       0
       1
       0
       0
       1
       0
       1
       0
       0
       0
       0
       0
       0
       0
       0
       0
       0
       0
       0
       0
       1
       0
       0
       0
       0
       0
       0
       0
       0
       0
       0
       0
       0
       0
       0
       0
       0
       1
       0
       0
       0
       0
       0
       0
       0
       0
       0
       0
       1
       0
       0
       0
       0
       0
       0
       0
       0
       0
       0
       0
       0
       0
       0
       0
       1
       0
       0
       0
       0
       0
       0
       0
       0
       1
       0
       0
       0
       0
       0
       0
       0
       0
       1
       0
       0
       0
       0
       0
       0
       0
       0
       0
       0
       0
       0
       0
       0
       0
       0
       0
       0
       1
       0
       0
       0
       0
       0
       0
       0
       0
       0
       0
       0
       0
       0
       0
       1
       0
       0
       0
       0
       0
       0
       0
       0
       0
       0
       0
       0
       0
       0
       0
       0
       0
       0
       0
       0
       0
       0
       0
       0
       0
       0
       0
       0
       0
       0
       0
       0
       0
       1
       0
       0
       0
       1
       0
       0
       0
       1
       0
       0
       0
       0
       0
       0
       0
       1
       0
       0
       0
       0
       0
       0
       1
       0
       0
       0
       0
       0
       0
       0
       0
       0
       0
       0
       1
       0
       0
       0
       0
       0
       0
       0
       0
       0
       0
       0
       0
       0
       0
       0
       0
       0
       0
       0
       0
       0
       0
       0
       0
       0
       1
       1
       1
       0
       1
       0
       0
       0
       0
       0
       1
       0
       0
       0
       0
       0
       0
       0
       0
       0
       0
       0
       0
       0
       0
       0
       0
       0
       0
       0
       0
       0
       0
       0
       0
       0
       0
       0
       0
       0
       0
       0
       0
       0
       0
       0
       0
       0
       0
       0
       0
       0
       0
       0
       0
       0
       0
       0
       0
       0
       0
       0
       0
       0
       0
       0
       0
       0
       0
       0
       0
       0
       0
       0
       0
       0
       0
       0
       0
       0
       0
       0
       0
       0
       0
       0
       0
       0
       0
       0
       0
       0
       0
       0
       0
       0
       0
       0
       0
       0
       0
       0
       0
       0
       0
       0
       0
       0
       0
       0
       0
       0
       1
       0
       0
       0
       0
       1
       0
       0
       0
       0
       0
       0
       0
       0
       0
       0
       0
       0
       0
       0
       0
       0
       0
       0
       0
       0
       0
       0
$ROI:
1
300 418
$PRESETS:
Live Time
360
0
$ENER_FIT:
0.000000 0.000000
$MCA_CAL:
3
0.000000E+000 0.000000E+000 0.000000E+000 
$SHAPE_CAL:
3
0.000000E+000 0.000000E+000 0.000000E+000
