$SPEC_ID:
No sample description was entered.
$SPEC_REM:
DET# 17
DETDESC# WD011-05 Easy-MCA-8k SN 13260149
AP# Maestro Version 7.01
$DATE_MEA:
06/15/2017 10:03:12
$MEAS_TIM:
3600 3677
$DATA:
0 1023
       0
       0
       0
       0
       0
       0
       0
       0
       0
       0
       0
       0
       0
       0
       0
       0
       0
       0
       0
       0
       0
       0
       0
       0
       0
       0
       0
       0
       0
    6680
   16493
    8684
    4469
    2211
    1166
     678
     474
     347
     265
     247
     243
     236
     244
     242
     250
     258
     258
     232
     241
     240
     233
     244
     258
     262
     186
     222
     226
     221
     197
     216
     174
     194
     197
     198
     188
     185
     186
     173
     186
     159
     174
     150
     168
     166
     129
     124
     141
     131
     119
     145
      98
     108
     121
     129
     112
     105
     104
      91
      90
     107
      87
      80
      79
      84
      93
      94
      89
      63
      72
      64
      68
      48
      56
      76
      60
      51
      44
      60
      61
      54
      45
      57
      44
      32
      46
      52
      36
      42
      43
      40
      33
      36
      24
      34
      27
      32
      29
      30
      36
      27
      33
      25
      23
      24
      25
      24
      22
      19
      21
      27
      19
      25
      13
      17
      13
      19
      21
      17
      27
      18
      17
      23
      17
      11
      15
       8
      11
      14
      14
      13
      16
      16
      13
       8
      12
      11
       8
      12
      22
       8
      12
      12
       9
       9
       6
      11
      11
      16
      13
       4
      10
       9
       9
      14
      15
       8
      13
      12
       8
      11
      13
      15
       3
       9
       5
       9
      14
       8
       8
       6
       7
       9
       6
       9
       5
       4
       5
      11
       9
       8
       5
       3
       8
      10
       8
       4
       3
       5
       5
       7
       6
       6
      10
       4
       5
       9
       8
       6
       8
      12
       5
       5
       8
       6
       6
       4
       9
       5
       7
      12
       7
       7
       9
       8
       5
       2
       5
       4
       6
       5
       2
       9
       7
       4
       2
       7
       2
      10
       3
       4
       9
       5
       5
       4
       7
       5
       2
       2
       2
       8
       5
       4
       1
       7
       1
       6
       8
       3
       2
       5
       4
       3
       6
       2
       3
       8
       5
      10
       2
       9
       7
       6
       3
       1
       3
       3
       1
       5
       8
       4
       5
       5
       6
       3
       3
       5
       6
       5
       5
       3
       2
       4
       6
       5
       2
       1
       4
       2
       1
       4
       2
       5
       4
       4
       1
       3
       3
       7
       1
       6
       9
       8
       3
       5
       3
       4
       1
       2
       5
       2
       1
       1
       2
       5
       3
       7
       3
       4
       5
       4
       4
       2
       4
       5
       2
       6
       3
       4
       6
       3
       3
       2
       3
       6
       3
       5
       5
       0
       4
       3
       3
       5
       3
       1
       1
       4
       2
       2
       1
       5
       2
       3
       1
       3
       3
       4
       5
       1
      10
       4
       2
       2
       3
       2
       3
       3
       3
       4
       3
       0
       1
       1
       6
       2
       2
       2
       5
       1
       1
       2
       4
       1
       2
       2
       5
       0
       2
       4
       0
       4
       2
       1
       2
       5
       3
       5
       3
       4
       4
       3
       4
       1
       0
       2
       2
       3
       1
       2
       3
       1
       2
       4
       2
       3
       5
       3
       0
       1
       3
       0
       3
       0
       3
       1
       3
       2
       2
       1
       0
       1
       2
       2
       3
       0
       3
       1
       1
       3
       5
       2
       5
       4
       1
       2
       1
       1
       1
       4
       2
       3
       2
       1
       3
       3
       5
       1
       3
       3
       2
       3
       0
       1
       2
       2
       2
       1
       4
       2
       4
       3
       2
       2
       0
       2
       2
       3
       0
       0
       1
       4
       2
       3
       2
       5
       3
       4
       7
       2
       2
       1
       5
       1
       3
       0
       4
       3
       2
       2
       4
       4
       3
       2
       2
       2
       1
       1
       1
       1
       2
       4
       1
       4
       1
       2
       1
       1
       3
       2
       1
       6
       3
       2
       2
       4
       4
       1
       4
       0
       1
       1
       1
       1
       1
       0
       1
       1
       0
       3
       0
       2
       4
       0
       3
       3
       1
       4
       2
       0
       0
       1
       3
       1
       2
       0
       4
       2
       1
       0
       1
       2
       0
       0
       5
       3
       2
       2
       1
       0
       3
       2
       1
       1
       1
       1
       3
       2
       0
       2
       2
       2
       2
       0
       0
       3
       2
       1
       2
       4
       1
       0
       3
       1
       2
       1
       0
       2
       0
       0
       0
       0
       1
       0
       0
       1
       2
       0
       1
       2
       1
       1
       4
       1
       4
       4
       1
       1
       3
       2
       2
       2
       4
       2
       4
       3
       2
       1
       2
       2
       3
       1
       1
       3
       2
       1
       2
       3
       2
       0
       2
       1
       1
       0
       5
       1
       0
       2
       1
       0
       7
       1
       2
       0
       1
       1
       3
       2
       3
       0
       1
       2
       2
       0
       0
       1
       2
       4
       3
       2
       3
       4
       3
       1
       2
       2
       2
       1
       1
       1
       2
       0
       1
       1
       2
       0
       0
       5
       1
       0
       0
       2
       0
       1
       1
       1
       0
       2
       1
       1
       1
       1
       3
       2
       1
       3
       3
       2
       1
       0
       1
       3
       4
       0
       0
       0
       1
       0
       1
       0
       6
       0
       0
       1
       1
       1
       0
       1
       1
       0
       0
       2
       1
       0
       1
       1
       0
       2
       0
       1
       2
       0
       2
       1
       1
       1
       0
       1
       0
       0
       1
       0
       0
       0
       0
       0
       2
       1
       0
       0
       0
       0
       1
       2
       0
       0
       0
       0
       1
       0
       0
       0
       0
       2
       0
       0
       0
       1
       1
       0
       1
       0
       0
       1
       1
       0
       3
       1
       0
       3
       0
       0
       0
       0
       0
       2
       0
       1
       0
       1
       0
       0
       0
       0
       1
       1
       0
       0
       0
       1
       0
       2
       0
       0
       0
       2
       0
       0
       0
       1
       1
       2
       0
       0
       1
       0
       1
       1
       2
       0
       3
       1
       0
       0
       1
       3
       1
       0
       4
       1
       0
       0
       2
       0
       3
       1
       1
       0
       0
       2
       0
       0
       1
       0
       2
       0
       1
       0
       1
       0
       0
       0
       0
       1
       1
       0
       0
       0
       0
       0
       0
       0
       0
       1
       0
       1
       0
       1
       1
       0
       0
       0
       1
       1
       1
       0
       0
       0
       0
       0
       0
       0
       0
       0
       0
       0
       0
       0
       0
       1
       0
       0
       0
       0
       1
       0
       1
       1
       0
       0
       0
       0
       0
       1
       0
       0
       1
       0
       1
       0
       1
       0
       0
       0
       0
       1
       0
       0
       2
       0
       1
       0
       0
       0
       0
       0
       0
       0
       0
       0
       0
       0
       0
       0
       0
       0
       0
       0
       0
       1
       0
       0
       1
       0
       0
       0
       0
       0
       0
       0
       0
       0
       2
       0
       0
       0
       0
       0
       0
       0
       0
       0
       0
       0
       0
       0
       0
       0
       0
       0
       0
       0
       0
       0
       0
       0
       0
       0
       0
       0
       0
       0
       0
       0
       0
       0
$ROI:
1
300 418
$PRESETS:
Live Time
3600
0
$ENER_FIT:
0.000000 0.000000
$MCA_CAL:
3
0.000000E+000 0.000000E+000 0.000000E+000 
$SHAPE_CAL:
3
0.000000E+000 0.000000E+000 0.000000E+000
