$SPEC_ID:
No sample description was entered.
$SPEC_REM:
DET# 17
DETDESC# WD011-05 Easy-MCA-8k SN 13260149
AP# Maestro Version 7.01
$DATE_MEA:
06/19/2017 10:16:34
$MEAS_TIM:
360 367
$DATA:
0 1023
       0
       0
       0
       0
       0
       0
       0
       0
       0
       0
       0
       0
       0
       0
       0
       0
       0
       0
       0
       0
       0
       0
       0
       0
       0
       0
       0
       0
       0
       0
       0
       0
       0
       0
       0
       0
       0
       0
       0
       0
       0
       0
       0
       0
       0
       0
       0
       0
      20
     495
     549
     479
     377
     288
     284
     259
     268
     244
     246
     211
     254
     253
     248
     232
     252
     223
     276
     232
     247
     224
     236
     237
     233
     245
     271
     215
     222
     239
     240
     228
     235
     254
     263
     263
     259
     239
     232
     218
     269
     245
     267
     267
     236
     225
     231
     238
     222
     193
     213
     217
     229
     207
     185
     234
     220
     195
     209
     209
     199
     198
     204
     155
     192
     206
     171
     151
     164
     176
     181
     140
     157
     145
     150
     128
     140
     142
     116
     132
     147
     117
     132
     136
     155
     140
     133
     109
     122
     117
     129
     127
     116
     121
     129
     117
     113
     132
     113
     112
     103
     108
     132
     104
     100
     106
     100
     110
     131
      99
     111
     123
     117
      95
     133
     107
     109
      94
     109
      97
     114
     106
     105
     127
     120
      98
     106
     112
     115
     123
     104
     110
      89
     101
     102
     113
     114
      92
     118
      89
     108
     116
     116
     111
     116
     108
     125
     107
     119
     109
     118
     117
     117
     120
     110
      89
     111
     123
     115
     112
     124
     134
      93
      96
     106
     106
     101
      95
      95
      92
     119
     114
      99
      76
      84
      77
      85
      96
      87
      95
      93
      79
      77
      65
      82
      64
      79
      86
      57
      61
      68
      67
      61
      57
      47
      53
      42
      37
      37
      30
      33
      31
      41
      38
      26
      32
      22
      24
      31
      17
      23
      21
      30
      23
      16
      17
      20
      11
      14
      16
       9
      14
      11
       9
      10
      13
      12
      17
      16
      15
       8
      12
      10
      10
      10
      11
      19
      12
      11
      14
      18
      10
       8
      12
       4
      14
       9
       9
      17
      10
      15
      13
      15
      20
      20
      15
      25
      14
      14
      31
      27
      27
      34
      31
      34
      40
      46
      51
      47
      33
      57
      55
      57
      60
      71
      71
      78
      76
      93
     115
     103
      90
     117
     115
     111
     130
     126
     138
     117
     124
     123
     134
     138
     130
     124
     146
     128
     129
     147
     125
     106
      98
      96
     104
      88
      96
      83
      73
      84
      76
      76
      56
      55
      48
      58
      52
      42
      38
      26
      47
      36
      23
      31
      27
      15
      19
      12
      16
      13
       8
       6
       6
       8
       6
       7
       4
       2
       2
       0
       0
       1
       1
       0
       0
       0
       2
       1
       2
       0
       0
       0
       0
       0
       1
       0
       1
       2
       0
       0
       0
       0
       0
       0
       0
       1
       0
       0
       0
       0
       0
       0
       0
       0
       0
       1
       0
       0
       2
       1
       0
       0
       0
       0
       0
       0
       0
       0
       0
       0
       0
       0
       0
       0
       0
       1
       0
       0
       0
       0
       0
       0
       0
       1
       0
       1
       0
       0
       0
       0
       0
       1
       0
       0
       0
       1
       0
       1
       0
       0
       0
       0
       0
       0
       2
       0
       0
       0
       0
       0
       0
       0
       0
       0
       0
       0
       1
       1
       1
       0
       0
       0
       0
       1
       0
       0
       0
       0
       0
       0
       0
       0
       0
       0
       1
       0
       0
       0
       1
       0
       0
       0
       0
       0
       1
       0
       0
       0
       0
       0
       0
       0
       0
       0
       1
       1
       0
       0
       0
       0
       1
       0
       0
       1
       0
       0
       0
       1
       0
       0
       0
       1
       0
       0
       0
       1
       0
       0
       0
       0
       0
       1
       0
       0
       2
       1
       0
       0
       0
       1
       0
       0
       0
       0
       0
       0
       0
       0
       0
       0
       2
       1
       0
       0
       0
       0
       0
       0
       0
       0
       0
       0
       0
       0
       0
       0
       0
       1
       0
       0
       0
       0
       1
       0
       1
       0
       0
       1
       0
       1
       0
       0
       1
       0
       1
       0
       0
       0
       0
       0
       0
       1
       1
       0
       0
       0
       0
       1
       0
       0
       0
       0
       0
       0
       0
       1
       1
       0
       0
       0
       1
       0
       1
       1
       0
       0
       1
       1
       0
       0
       0
       0
       0
       0
       0
       0
       0
       1
       0
       0
       0
       0
       1
       0
       0
       0
       0
       0
       0
       0
       1
       0
       0
       1
       0
       0
       0
       0
       0
       0
       0
       0
       0
       0
       0
       0
       0
       0
       0
       0
       0
       0
       0
       0
       0
       0
       0
       0
       0
       0
       0
       0
       0
       0
       0
       0
       0
       0
       0
       0
       0
       0
       0
       0
       0
       0
       0
       1
       0
       0
       0
       0
       0
       0
       0
       0
       0
       0
       0
       0
       0
       0
       0
       0
       0
       0
       0
       0
       0
       0
       0
       0
       0
       0
       0
       0
       0
       0
       0
       0
       0
       0
       0
       0
       0
       0
       0
       0
       0
       0
       0
       0
       0
       0
       0
       0
       0
       0
       0
       0
       0
       0
       0
       0
       0
       0
       0
       1
       0
       0
       0
       0
       0
       0
       0
       1
       0
       0
       0
       1
       0
       1
       0
       0
       0
       0
       0
       0
       0
       0
       0
       0
       0
       0
       0
       0
       1
       0
       0
       0
       0
       0
       0
       0
       0
       0
       0
       0
       0
       0
       0
       0
       0
       0
       0
       1
       0
       0
       0
       0
       0
       0
       0
       0
       0
       0
       0
       0
       0
       0
       0
       0
       0
       0
       0
       0
       0
       0
       0
       0
       0
       0
       0
       0
       0
       0
       0
       0
       0
       0
       0
       0
       0
       0
       0
       0
       0
       0
       0
       0
       0
       0
       0
       0
       0
       0
       0
       0
       0
       0
       0
       0
       0
       0
       0
       0
       0
       0
       0
       0
       0
       0
       0
       0
       0
       0
       0
       0
       0
       0
       0
       0
       0
       0
       0
       0
       0
       0
       0
       1
       0
       0
       0
       0
       0
       0
       0
       0
       0
       0
       0
       0
       0
       0
       0
       0
       0
       0
       0
       0
       0
       0
       0
       0
       0
       0
       0
       0
       0
       0
       0
       0
       0
       0
       0
       0
       0
       0
       0
       0
       0
       0
       0
       0
       0
       0
       0
       0
       0
       0
       0
       0
       0
       0
       1
       0
       0
       0
       0
       0
       0
       0
       0
       0
       0
       0
       0
       0
       0
       0
       0
       0
       0
       0
       0
       0
       0
       0
       0
       0
       0
       0
       0
       0
       0
       0
       0
       0
       0
       0
       0
       0
       0
       0
       0
       0
       0
       0
       0
       0
       0
       0
       0
       0
       0
       0
       0
       0
       0
       0
       0
       0
       0
       0
       0
       0
       0
       0
       0
       0
       0
       0
       0
       0
       0
       0
       0
$ROI:
1
277 387
$PRESETS:
Live Time
360
0
$ENER_FIT:
0.000000 0.000000
$MCA_CAL:
3
0.000000E+000 0.000000E+000 0.000000E+000 
$SHAPE_CAL:
3
0.000000E+000 0.000000E+000 0.000000E+000
