$SPEC_ID:
No sample description was entered.
$SPEC_REM:
DET# 17
DETDESC# WD011-05 Easy-MCA-8k SN 13260149
AP# Maestro Version 7.01
$DATE_MEA:
06/16/2017 14:03:24
$MEAS_TIM:
416 431
$DATA:
0 1023
       0
       0
       0
       0
       0
       0
       0
       0
       0
       0
       0
       0
       0
       0
       0
       0
       0
       0
       0
       0
       0
       0
       0
       0
       0
       0
       0
       0
       0
       0
       0
       0
       0
       0
       0
       0
       0
       0
       0
       0
       0
       0
       0
       0
       0
       0
       0
       2
      63
    1741
    1964
    1446
    1066
     766
     625
     547
     459
     419
     358
     365
     334
     299
     316
     322
     298
     307
     266
     299
     273
     260
     268
     272
     303
     272
     308
     293
     308
     294
     280
     288
     262
     298
     289
     270
     327
     289
     285
     294
     287
     276
     301
     299
     305
     270
     283
     286
     304
     270
     294
     291
     266
     265
     280
     278
     285
     258
     268
     262
     233
     244
     233
     207
     245
     221
     228
     220
     232
     214
     202
     231
     212
     198
     208
     193
     181
     189
     195
     183
     197
     193
     158
     163
     153
     170
     159
     161
     159
     152
     149
     162
     150
     154
     147
     160
     131
     150
     140
     143
     143
     137
     145
     154
     129
     140
     129
     137
     134
     147
     142
     130
     121
     140
     143
     156
     144
     141
     148
     138
     140
     142
     125
     123
     137
     135
     118
     163
     130
     149
     126
     121
     142
     140
     133
     133
     121
     139
     147
     141
     122
     146
     121
     141
     136
     126
     138
     127
     126
     132
     120
     130
     154
     153
     146
     142
     138
     130
     145
     130
     143
     150
     134
     138
     147
     118
     148
     128
     133
     140
     130
     121
     135
     112
     117
     137
     144
     134
     135
     122
     117
     121
     117
     131
     122
     129
     102
     105
     116
     126
      94
     105
      95
      84
      74
      74
      69
      66
      74
      74
      85
      73
      55
      64
      62
      50
      52
      49
      54
      43
      47
      54
      46
      41
      42
      33
      39
      22
      34
      30
      32
      26
      22
      23
      20
      37
      22
      25
      24
      21
      19
      22
      17
      16
      18
      14
      19
      13
      16
      24
      20
      25
      16
      13
      20
       5
      10
      10
      11
       7
      10
      10
      17
      17
      17
      12
      19
       7
      16
      19
      16
      13
      10
      30
      23
      16
      14
      19
      28
      23
      24
      20
      27
      32
      39
      42
      43
      57
      48
      53
      53
      69
      67
      63
      65
      75
      75
      86
     114
      93
      84
     107
      95
     102
     124
     108
     147
     137
     141
     103
     147
     148
     134
     146
     156
     161
     154
     150
     167
     139
     151
     156
     132
     143
     139
     128
     120
     127
     114
     117
     112
     120
      92
      97
      71
      79
      89
      67
      80
      58
      55
      53
      42
      51
      42
      27
      23
      35
      31
      24
      19
      24
      21
      12
      14
      10
      14
       8
       6
       9
       6
       5
       6
       2
       6
       2
       4
       3
       3
       3
       2
       1
       0
       2
       1
       1
       1
       1
       0
       0
       0
       2
       1
       0
       0
       0
       0
       0
       0
       0
       0
       0
       1
       0
       0
       0
       2
       1
       1
       0
       0
       1
       2
       0
       0
       0
       0
       0
       0
       0
       2
       0
       0
       0
       0
       1
       0
       0
       0
       1
       0
       0
       0
       1
       0
       1
       1
       0
       2
       0
       1
       1
       0
       1
       1
       0
       2
       0
       0
       0
       0
       1
       0
       0
       0
       0
       0
       0
       0
       0
       0
       0
       0
       0
       0
       0
       0
       0
       0
       1
       1
       1
       1
       0
       0
       0
       1
       0
       0
       0
       0
       0
       0
       0
       0
       0
       0
       0
       0
       0
       2
       0
       0
       1
       0
       0
       0
       0
       1
       0
       0
       0
       0
       0
       0
       0
       2
       0
       0
       0
       0
       0
       0
       0
       0
       0
       0
       0
       0
       0
       1
       0
       0
       0
       0
       0
       0
       1
       1
       0
       1
       0
       0
       0
       0
       1
       0
       0
       0
       1
       0
       0
       0
       0
       0
       0
       0
       0
       0
       1
       1
       0
       0
       0
       0
       0
       0
       1
       0
       0
       0
       0
       0
       0
       0
       2
       0
       2
       0
       0
       0
       1
       0
       0
       0
       0
       0
       0
       0
       0
       1
       0
       1
       0
       0
       0
       0
       0
       0
       0
       0
       0
       0
       0
       0
       0
       0
       0
       0
       0
       2
       0
       1
       0
       0
       0
       0
       0
       0
       1
       0
       0
       0
       1
       0
       0
       0
       0
       0
       0
       0
       0
       0
       0
       0
       0
       0
       0
       0
       0
       0
       0
       0
       0
       0
       1
       0
       0
       0
       1
       0
       0
       0
       0
       0
       0
       0
       1
       1
       0
       1
       0
       0
       0
       0
       1
       0
       0
       0
       0
       0
       1
       0
       0
       0
       0
       0
       1
       0
       0
       1
       1
       0
       0
       0
       0
       0
       0
       0
       0
       0
       0
       0
       0
       1
       0
       0
       0
       0
       0
       0
       0
       1
       0
       0
       0
       0
       0
       0
       0
       0
       0
       0
       0
       0
       0
       0
       0
       0
       0
       0
       0
       0
       0
       0
       0
       0
       1
       0
       0
       0
       0
       0
       0
       0
       0
       0
       0
       0
       0
       0
       0
       0
       0
       1
       0
       0
       1
       0
       0
       0
       1
       0
       0
       0
       0
       0
       0
       0
       0
       1
       0
       0
       0
       0
       0
       1
       0
       0
       1
       0
       0
       0
       0
       0
       0
       0
       0
       0
       0
       0
       0
       0
       0
       0
       0
       0
       1
       0
       0
       0
       0
       0
       0
       0
       0
       0
       0
       0
       0
       0
       1
       1
       0
       0
       0
       0
       0
       0
       0
       0
       0
       0
       0
       0
       0
       0
       0
       0
       1
       0
       0
       0
       2
       0
       0
       0
       0
       0
       0
       0
       0
       0
       0
       0
       0
       0
       1
       0
       0
       0
       0
       0
       1
       0
       0
       0
       0
       0
       0
       0
       0
       0
       0
       0
       0
       0
       0
       0
       0
       0
       0
       0
       0
       0
       0
       0
       0
       0
       0
       0
       0
       0
       0
       0
       0
       0
       0
       0
       0
       0
       0
       0
       0
       0
       0
       0
       0
       0
       0
       0
       0
       0
       0
       0
       0
       1
       0
       0
       0
       0
       0
       0
       0
       0
       0
       0
       0
       0
       0
       0
       0
       0
       0
       0
       0
       0
       0
       0
       0
       0
       0
       0
       0
       0
       0
       0
       0
       0
       0
       0
       0
       0
       0
       0
       0
       0
       0
       0
       0
       0
       0
       0
       0
       0
       0
       0
       0
       0
       0
       0
       0
       0
       0
       0
       0
       0
       1
       0
       0
       0
       0
       0
       0
       1
       0
       0
       0
       0
       0
       0
       0
       0
       0
       0
       0
       0
       0
       0
       0
       0
       0
       0
       0
       0
       0
       0
       0
       0
       0
       0
       0
       0
       0
       0
       0
       0
       0
       0
       0
       0
       0
       0
       0
       0
       0
$ROI:
1
300 418
$PRESETS:
Live Time
600
0
$ENER_FIT:
0.000000 0.000000
$MCA_CAL:
3
0.000000E+000 0.000000E+000 0.000000E+000 
$SHAPE_CAL:
3
0.000000E+000 0.000000E+000 0.000000E+000
