$SPEC_ID:
No sample description was entered.
$SPEC_REM:
DET# 17
DETDESC# WD011-05 Easy-MCA-8k SN 13260149
AP# Maestro Version 7.01
$DATE_MEA:
06/19/2017 10:55:26
$MEAS_TIM:
360 367
$DATA:
0 1023
       0
       0
       0
       0
       0
       0
       0
       0
       0
       0
       0
       0
       0
       0
       0
       0
       0
       0
       0
       0
       0
       0
       0
       0
       0
       0
       0
       0
       0
       0
       0
       0
       0
       0
       0
       0
       0
       0
       0
       0
       0
       0
       0
       0
       0
       0
       0
       0
      16
     458
     587
     412
     345
     317
     286
     296
     269
     262
     280
     274
     271
     253
     250
     253
     251
     225
     252
     261
     256
     243
     250
     253
     266
     255
     242
     255
     233
     243
     241
     224
     236
     244
     239
     273
     271
     266
     291
     275
     248
     237
     270
     276
     237
     237
     242
     252
     246
     240
     234
     255
     247
     224
     227
     238
     220
     228
     218
     216
     206
     218
     201
     180
     192
     209
     189
     187
     183
     203
     185
     183
     167
     161
     164
     147
     162
     159
     154
     129
     146
     162
     170
     132
     145
     150
     129
     136
     133
     133
     147
     126
     153
     145
     115
     122
     124
     122
     124
     141
     114
     145
     117
     133
     102
     149
      97
     117
     118
     121
     116
     114
     115
     107
     114
     124
      86
     115
      91
     117
     117
     126
     118
     133
     127
     118
     126
     124
     125
     103
     104
     102
     130
     122
     110
     113
     101
     124
     125
     133
     117
     137
     101
     125
     118
     106
     126
     108
     121
     132
     110
     127
     111
     117
     125
     101
     141
     132
     113
     104
     123
     112
     111
     121
     133
      99
     125
     119
     115
     103
     105
     106
     114
     116
      97
     124
      95
      85
      95
      96
      95
      80
      94
      70
      81
      84
      66
      78
      59
      67
      57
      63
      47
      46
      44
      59
      43
      55
      44
      37
      41
      31
      40
      38
      37
      28
      34
      41
      20
      26
      34
      24
      19
      27
      27
      15
      20
      17
      24
      14
      20
      12
      21
      15
       8
      14
      17
      15
      20
      11
       7
      16
      12
      13
      11
      11
      11
       6
      11
      10
      17
      16
      11
      13
      10
       8
      12
      18
      17
      10
      10
       7
      12
      27
      15
      13
      27
      18
      16
      28
      27
      26
      36
      27
      43
      33
      45
      39
      57
      36
      50
      52
      39
      76
      77
      80
      65
      95
      88
      82
      96
     107
      98
      99
     111
      91
     133
     100
     143
     133
     129
     128
     132
     152
     122
     139
     143
     135
     105
     136
     113
     127
     127
     129
     112
     128
     105
      96
      87
      89
      96
      83
      70
      68
      69
      69
      58
      51
      38
      51
      42
      39
      37
      26
      37
      27
      18
      18
      12
      14
      14
      15
      12
      10
       8
       4
       6
       8
       7
       5
       7
       3
       4
       0
       1
       3
       3
       1
       1
       0
       1
       0
       0
       0
       1
       1
       0
       0
       2
       0
       0
       0
       1
       0
       2
       0
       1
       0
       1
       0
       0
       0
       0
       0
       0
       0
       0
       0
       0
       0
       0
       0
       0
       1
       0
       1
       0
       0
       0
       1
       0
       0
       1
       0
       1
       0
       1
       0
       0
       0
       0
       0
       0
       0
       0
       1
       0
       0
       0
       0
       1
       0
       1
       0
       2
       0
       0
       0
       0
       0
       0
       0
       1
       0
       0
       0
       0
       0
       0
       0
       1
       0
       0
       0
       1
       1
       0
       0
       0
       0
       0
       0
       0
       0
       0
       0
       0
       0
       0
       0
       0
       0
       1
       0
       0
       1
       0
       0
       0
       0
       0
       0
       2
       0
       1
       0
       0
       0
       0
       0
       0
       1
       0
       0
       0
       0
       0
       0
       0
       0
       0
       0
       0
       0
       0
       0
       0
       0
       0
       0
       0
       0
       0
       0
       0
       0
       0
       1
       0
       0
       0
       0
       0
       0
       0
       0
       0
       0
       0
       0
       0
       0
       1
       0
       0
       1
       1
       2
       0
       0
       0
       0
       0
       0
       0
       0
       0
       0
       0
       0
       1
       0
       0
       0
       0
       0
       0
       0
       0
       0
       0
       0
       0
       0
       0
       1
       0
       0
       0
       1
       1
       0
       0
       0
       0
       0
       0
       0
       0
       0
       0
       0
       0
       1
       0
       0
       0
       0
       0
       1
       0
       0
       0
       0
       0
       1
       0
       0
       1
       0
       0
       0
       1
       0
       2
       0
       0
       0
       0
       0
       0
       0
       0
       0
       0
       0
       1
       0
       0
       0
       0
       0
       0
       1
       0
       0
       0
       0
       0
       0
       0
       0
       0
       0
       0
       0
       0
       0
       0
       0
       0
       0
       0
       0
       0
       0
       1
       0
       0
       0
       0
       0
       0
       0
       0
       1
       0
       0
       0
       0
       0
       0
       0
       0
       0
       0
       0
       0
       0
       0
       0
       0
       0
       0
       0
       0
       0
       0
       0
       0
       0
       0
       0
       0
       0
       0
       0
       0
       0
       0
       0
       0
       0
       0
       0
       0
       0
       0
       0
       0
       0
       0
       0
       0
       0
       0
       0
       0
       0
       0
       0
       0
       0
       0
       0
       0
       0
       0
       0
       0
       0
       0
       0
       1
       0
       0
       0
       0
       0
       0
       1
       0
       0
       0
       0
       0
       0
       0
       0
       0
       0
       0
       0
       0
       0
       0
       0
       0
       0
       0
       0
       0
       0
       0
       0
       0
       0
       0
       0
       1
       0
       0
       1
       0
       0
       0
       0
       0
       0
       1
       0
       0
       0
       0
       0
       0
       0
       0
       0
       0
       0
       0
       0
       0
       0
       0
       0
       0
       0
       0
       0
       0
       1
       0
       0
       0
       0
       0
       0
       0
       0
       1
       0
       0
       0
       0
       0
       0
       0
       0
       0
       0
       0
       1
       0
       0
       0
       0
       0
       1
       0
       0
       0
       0
       1
       0
       0
       0
       0
       0
       0
       0
       0
       0
       0
       0
       0
       0
       0
       0
       0
       0
       0
       0
       0
       0
       0
       0
       0
       1
       0
       0
       0
       0
       0
       0
       0
       0
       0
       0
       0
       0
       0
       0
       0
       0
       0
       0
       0
       0
       0
       0
       0
       0
       0
       0
       0
       0
       0
       1
       0
       0
       0
       0
       0
       0
       0
       0
       1
       0
       0
       0
       0
       0
       0
       0
       0
       0
       0
       0
       0
       0
       1
       0
       0
       0
       0
       0
       0
       0
       0
       0
       0
       0
       0
       0
       0
       0
       0
       0
       0
       1
       0
       1
       0
       0
       0
       0
       0
       0
       0
       0
       0
       0
       0
       0
       0
       0
       0
       0
       0
       0
       0
       0
       0
       0
       1
       0
       0
       0
       0
       0
       0
       0
       0
       1
       0
       0
       0
       0
       1
       0
       0
       1
       0
       0
       0
       0
       0
       0
       0
       0
       0
       0
       0
       0
       0
       0
       0
       0
       0
       0
       0
       0
       0
       0
       0
       0
       0
       0
       0
       0
       0
       0
       0
       0
$ROI:
1
277 387
$PRESETS:
Live Time
360
0
$ENER_FIT:
0.000000 0.000000
$MCA_CAL:
3
0.000000E+000 0.000000E+000 0.000000E+000 
$SHAPE_CAL:
3
0.000000E+000 0.000000E+000 0.000000E+000
