$SPEC_ID:
No sample description was entered.
$SPEC_REM:
DET# 17
DETDESC# WD011-05 Easy-MCA-8k SN 13260149
AP# Maestro Version 7.01
$DATE_MEA:
06/19/2017 10:37:57
$MEAS_TIM:
360 367
$DATA:
0 1023
       0
       0
       0
       0
       0
       0
       0
       0
       0
       0
       0
       0
       0
       0
       0
       0
       0
       0
       0
       0
       0
       0
       0
       0
       0
       0
       0
       0
       0
       0
       0
       0
       0
       0
       0
       0
       0
       0
       0
       0
       0
       0
       0
       0
       0
       0
       0
       0
      22
     487
     609
     457
     368
     338
     281
     275
     277
     244
     292
     257
     259
     255
     224
     213
     216
     250
     276
     246
     248
     204
     207
     259
     228
     234
     275
     258
     228
     244
     258
     219
     252
     269
     243
     247
     255
     245
     249
     261
     257
     269
     270
     224
     243
     248
     291
     238
     240
     251
     213
     236
     210
     206
     214
     203
     225
     202
     200
     192
     200
     192
     213
     181
     197
     188
     189
     166
     157
     164
     174
     150
     164
     163
     157
     127
     138
     161
     152
     161
     133
     162
     132
     145
     137
     126
     118
     136
     145
     137
     122
     127
     115
     132
     134
     113
     116
     102
     121
     119
      98
     113
     104
      90
      96
     123
     131
     125
      94
     126
      96
     106
     110
      98
     111
     135
     120
     114
     111
     109
     104
     111
     111
     110
     123
     107
     135
     119
     104
     126
     118
      98
     117
     102
     105
      86
     115
     105
     100
     107
      99
     115
     131
     123
     102
     112
     117
     123
     107
     121
     117
     128
     126
     103
     112
     132
     118
      97
     117
     115
     116
     115
     114
     126
     102
     126
     104
     122
      88
      87
     111
     112
     115
      87
      93
      94
      86
      76
      85
      91
      77
      76
      88
      62
      83
      72
      71
      72
      68
      60
      51
      66
      56
      46
      60
      40
      55
      39
      40
      37
      30
      30
      39
      31
      34
      28
      28
      16
      22
      30
      25
      17
      13
      18
      17
      22
      25
      18
      25
      10
      12
      12
      12
      10
      19
      18
      13
      11
      14
      16
      10
       7
       6
      11
      13
      11
      10
      10
      12
      18
      18
      14
       6
      13
      12
      20
      12
      12
      11
      17
      16
      11
      15
      17
      19
      19
      21
      25
      21
      19
      29
      35
      31
      21
      37
      36
      38
      39
      47
      47
      57
      60
      72
      74
      74
      82
      88
     113
      81
      96
      87
     100
     105
     127
     107
     123
     113
     123
     141
     140
     138
     128
     132
     120
     117
     129
     122
     122
     118
     132
     117
     110
     108
      98
     102
      87
      92
      88
      81
      87
      70
      66
      69
      50
      51
      51
      32
      32
      47
      28
      20
      26
      27
      17
      21
      19
      19
      17
      16
       8
      10
       8
       3
       5
       4
       4
       6
       3
       2
       0
       0
       4
       0
       0
       0
       1
       1
       1
       1
       1
       0
       2
       2
       1
       0
       0
       0
       1
       1
       2
       0
       0
       0
       0
       0
       0
       0
       0
       0
       0
       0
       1
       1
       0
       0
       0
       0
       0
       1
       0
       0
       1
       1
       0
       1
       0
       1
       0
       1
       0
       0
       0
       0
       1
       0
       0
       2
       0
       0
       1
       0
       2
       0
       0
       1
       0
       0
       0
       1
       1
       0
       0
       0
       0
       2
       1
       0
       1
       1
       0
       0
       0
       0
       1
       0
       0
       1
       0
       0
       0
       0
       0
       0
       0
       0
       0
       0
       0
       1
       0
       0
       0
       0
       0
       0
       0
       0
       1
       0
       0
       0
       1
       0
       0
       1
       0
       1
       0
       0
       0
       0
       0
       0
       1
       1
       0
       0
       0
       0
       0
       1
       1
       1
       0
       0
       0
       0
       0
       0
       0
       0
       1
       0
       0
       0
       0
       0
       1
       1
       0
       0
       0
       0
       0
       0
       0
       1
       0
       0
       0
       0
       0
       0
       1
       0
       0
       0
       0
       1
       0
       1
       0
       0
       1
       1
       0
       0
       0
       0
       1
       0
       0
       0
       1
       0
       0
       0
       0
       0
       0
       1
       1
       1
       0
       1
       0
       0
       0
       0
       0
       0
       0
       0
       0
       0
       0
       0
       0
       0
       1
       0
       1
       0
       0
       0
       0
       0
       0
       1
       0
       0
       0
       1
       0
       0
       0
       0
       0
       0
       0
       0
       0
       1
       0
       0
       0
       0
       0
       0
       0
       0
       0
       0
       1
       0
       0
       0
       0
       0
       0
       0
       0
       0
       0
       0
       0
       0
       0
       0
       0
       0
       0
       0
       1
       1
       0
       1
       0
       0
       0
       0
       0
       0
       0
       1
       0
       1
       0
       0
       0
       0
       0
       0
       0
       0
       0
       0
       0
       0
       0
       2
       0
       1
       0
       0
       0
       1
       0
       0
       1
       0
       0
       0
       0
       0
       0
       0
       0
       0
       0
       0
       0
       0
       1
       0
       0
       0
       0
       0
       0
       0
       0
       0
       0
       0
       0
       0
       0
       0
       0
       0
       0
       0
       0
       0
       0
       0
       0
       1
       0
       0
       0
       0
       0
       0
       0
       0
       0
       0
       0
       0
       1
       0
       0
       0
       0
       0
       0
       0
       0
       0
       0
       0
       0
       1
       0
       0
       0
       0
       0
       0
       0
       0
       0
       0
       0
       0
       0
       0
       0
       0
       0
       0
       0
       0
       0
       0
       0
       0
       0
       1
       0
       0
       1
       0
       1
       0
       0
       0
       0
       0
       1
       0
       0
       0
       0
       0
       0
       0
       0
       0
       0
       0
       0
       0
       0
       0
       0
       0
       0
       0
       0
       0
       0
       0
       0
       0
       0
       1
       1
       0
       0
       0
       0
       0
       1
       0
       0
       0
       1
       0
       1
       0
       0
       1
       1
       0
       0
       0
       0
       1
       0
       0
       0
       0
       0
       0
       0
       0
       0
       0
       0
       0
       0
       0
       0
       0
       0
       0
       0
       0
       0
       0
       0
       0
       0
       0
       0
       0
       0
       0
       0
       0
       0
       0
       0
       0
       0
       0
       0
       0
       0
       1
       1
       0
       0
       0
       0
       0
       0
       0
       0
       0
       0
       0
       0
       0
       0
       0
       0
       0
       0
       0
       0
       1
       0
       0
       0
       0
       0
       0
       0
       0
       0
       0
       0
       0
       0
       0
       0
       0
       0
       0
       0
       0
       0
       0
       0
       0
       0
       0
       0
       0
       0
       0
       0
       0
       0
       0
       0
       0
       0
       0
       0
       0
       0
       0
       0
       1
       0
       0
       0
       0
       0
       0
       0
       0
       0
       0
       0
       0
       0
       0
       0
       0
       0
       0
       0
       0
       0
       0
       0
       0
       0
       0
       0
       0
       0
       0
       0
       0
       0
       0
       1
       0
       0
       0
       0
       0
       0
       0
       0
       0
       0
       0
       0
       0
       0
       0
       0
       0
       0
       1
       0
       0
       0
       0
       0
       0
       0
       0
       0
       0
       0
       0
       0
       0
       0
       0
       0
       0
       0
       0
       0
       0
       0
$ROI:
1
277 387
$PRESETS:
Live Time
360
0
$ENER_FIT:
0.000000 0.000000
$MCA_CAL:
3
0.000000E+000 0.000000E+000 0.000000E+000 
$SHAPE_CAL:
3
0.000000E+000 0.000000E+000 0.000000E+000
