$SPEC_ID:
No sample description was entered.
$SPEC_REM:
DET# 17
DETDESC# WD011-05 Easy-MCA-8k SN 13260149
AP# Maestro Version 7.01
$DATE_MEA:
06/19/2017 10:29:00
$MEAS_TIM:
360 367
$DATA:
0 1023
       0
       0
       0
       0
       0
       0
       0
       0
       0
       0
       0
       0
       0
       0
       0
       0
       0
       0
       0
       0
       0
       0
       0
       0
       0
       0
       0
       0
       0
       0
       0
       0
       0
       0
       0
       0
       0
       0
       0
       0
       0
       0
       0
       0
       0
       0
       0
       0
      21
     450
     560
     449
     376
     354
     313
     318
     285
     250
     280
     256
     291
     260
     242
     230
     250
     256
     278
     260
     251
     238
     260
     259
     240
     244
     267
     268
     278
     259
     279
     262
     274
     255
     275
     265
     255
     259
     280
     263
     279
     253
     271
     290
     255
     272
     275
     239
     248
     216
     242
     270
     247
     258
     272
     258
     229
     235
     240
     222
     225
     206
     219
     220
     205
     211
     193
     188
     198
     204
     164
     180
     165
     171
     175
     157
     160
     161
     157
     166
     171
     162
     147
     135
     137
     151
     143
     136
     152
     124
     116
     124
     135
     125
     139
     128
     122
     123
     121
     149
     141
     118
     130
     118
     115
     146
     134
     116
     139
     108
     128
     111
     130
     113
     117
     113
     104
     125
     125
     100
     119
     111
     127
     102
     125
     127
     130
     101
     135
     116
     127
     115
     118
     130
      99
     132
     139
     125
     118
     123
      99
     122
     129
     113
     142
     122
     126
     108
     106
     132
     115
     112
     137
     130
     123
     133
     116
     111
     118
      93
     136
     148
     122
     117
     129
     112
     132
     123
     112
     119
     145
      91
     116
     103
     127
     116
      97
     116
     109
     104
     120
     106
      98
     103
      92
      88
      78
      77
      95
      71
      95
      71
      68
      54
      68
      55
      75
      65
      63
      44
      36
      49
      52
      36
      43
      33
      50
      49
      44
      35
      30
      33
      30
      23
      22
      31
      28
      21
      20
      28
      20
      24
      21
      13
      25
      17
       9
      15
      16
       9
      19
      12
      17
      13
      10
      13
      14
       8
      11
      15
      16
      17
      15
      15
      11
      12
      12
       8
      15
      16
      19
      13
      18
      15
      16
      15
      13
      17
      15
      18
      20
      21
      17
      17
      27
      22
      42
      36
      26
      29
      32
      35
      45
      37
      51
      48
      64
      64
      59
      88
      85
      90
      94
      79
     104
      82
     105
     122
     100
     110
     112
     128
     123
     129
     147
     134
     136
     119
     146
     151
     121
     113
     138
     133
     118
     142
     143
     119
     128
     123
     130
     117
      76
     111
      83
      89
      91
      76
      66
      82
      58
      55
      53
      51
      43
      37
      36
      36
      23
      28
      26
      17
      18
      13
      19
      14
      11
       5
       7
       7
       6
       7
       2
       7
       7
       3
       3
       6
       6
       1
       2
       1
       1
       0
       1
       0
       2
       0
       0
       2
       0
       0
       1
       1
       0
       0
       0
       0
       0
       0
       0
       0
       0
       0
       0
       1
       0
       0
       0
       0
       2
       1
       0
       3
       0
       0
       0
       0
       0
       0
       0
       1
       1
       0
       0
       0
       1
       0
       0
       0
       1
       0
       0
       1
       0
       0
       0
       0
       0
       0
       0
       0
       0
       0
       0
       0
       1
       0
       0
       1
       0
       0
       0
       0
       0
       0
       1
       1
       0
       0
       0
       0
       0
       0
       0
       0
       0
       0
       0
       0
       0
       0
       0
       1
       0
       0
       0
       1
       0
       0
       0
       0
       0
       0
       0
       0
       0
       0
       0
       0
       0
       0
       0
       0
       0
       1
       0
       0
       0
       0
       1
       0
       0
       0
       1
       0
       0
       0
       0
       0
       0
       1
       0
       0
       0
       0
       0
       2
       0
       1
       0
       0
       0
       0
       0
       0
       0
       0
       0
       0
       0
       0
       0
       0
       0
       1
       0
       0
       0
       0
       0
       0
       0
       0
       0
       0
       0
       0
       0
       0
       0
       0
       0
       0
       0
       0
       0
       0
       1
       0
       1
       2
       0
       0
       1
       0
       0
       0
       1
       1
       0
       0
       0
       2
       1
       0
       0
       0
       0
       2
       0
       0
       0
       0
       0
       1
       1
       0
       0
       0
       0
       0
       0
       1
       0
       0
       0
       0
       0
       0
       0
       0
       0
       0
       2
       0
       0
       0
       3
       0
       0
       0
       1
       0
       0
       0
       0
       0
       0
       0
       1
       0
       0
       0
       0
       0
       0
       0
       0
       0
       0
       0
       0
       0
       1
       0
       0
       0
       1
       0
       0
       0
       1
       0
       0
       0
       1
       0
       0
       0
       0
       0
       1
       0
       0
       0
       0
       0
       0
       0
       0
       0
       0
       0
       0
       1
       0
       0
       1
       0
       0
       0
       0
       1
       0
       1
       0
       0
       0
       0
       0
       0
       0
       0
       0
       0
       0
       0
       1
       0
       0
       0
       0
       0
       0
       0
       0
       0
       0
       0
       0
       0
       0
       0
       0
       0
       0
       0
       0
       1
       0
       1
       0
       0
       0
       0
       0
       0
       0
       0
       0
       0
       0
       0
       0
       0
       0
       0
       0
       0
       0
       0
       0
       0
       0
       0
       0
       0
       0
       0
       0
       0
       0
       0
       0
       0
       0
       0
       0
       0
       0
       0
       0
       0
       0
       0
       0
       0
       0
       0
       0
       0
       0
       0
       0
       0
       0
       0
       0
       0
       0
       0
       0
       0
       0
       0
       1
       0
       0
       0
       0
       0
       0
       0
       0
       0
       0
       0
       1
       0
       0
       0
       0
       0
       0
       2
       1
       0
       0
       0
       0
       0
       0
       0
       0
       1
       0
       0
       0
       0
       0
       1
       0
       0
       0
       0
       0
       0
       0
       0
       0
       0
       0
       0
       0
       0
       0
       0
       0
       0
       0
       0
       0
       0
       0
       0
       0
       0
       0
       0
       0
       0
       0
       0
       0
       0
       0
       0
       0
       0
       0
       0
       0
       0
       0
       0
       0
       0
       0
       0
       0
       0
       0
       0
       0
       0
       0
       0
       0
       0
       0
       0
       0
       0
       0
       0
       0
       0
       0
       0
       0
       0
       0
       0
       0
       0
       0
       0
       0
       0
       0
       0
       0
       0
       0
       0
       0
       0
       0
       0
       0
       0
       0
       0
       0
       0
       0
       0
       0
       0
       1
       0
       0
       0
       0
       0
       0
       0
       0
       0
       0
       0
       0
       0
       0
       0
       0
       0
       0
       0
       0
       0
       0
       0
       0
       0
       0
       0
       0
       0
       0
       1
       0
       0
       0
       0
       0
       0
       0
       0
       0
       0
       0
       0
       0
       0
       0
       0
       0
       0
       0
       0
       0
       0
       0
       0
       0
       0
       0
       0
       0
       0
       0
       0
       0
       0
       0
       0
       0
       0
       0
       0
       0
       0
       0
       0
       0
       0
       0
       0
       0
       0
       0
       0
       0
       0
       0
       0
       0
       0
       0
       0
       0
       0
       0
       0
$ROI:
1
277 387
$PRESETS:
Live Time
360
0
$ENER_FIT:
0.000000 0.000000
$MCA_CAL:
3
0.000000E+000 0.000000E+000 0.000000E+000 
$SHAPE_CAL:
3
0.000000E+000 0.000000E+000 0.000000E+000
