$SPEC_ID:
No sample description was entered.
$SPEC_REM:
DET# 17
DETDESC# WD011-05 Easy-MCA-8k SN 13260149
AP# Maestro Version 7.01
$DATE_MEA:
06/19/2017 10:47:17
$MEAS_TIM:
360 367
$DATA:
0 1023
       0
       0
       0
       0
       0
       0
       0
       0
       0
       0
       0
       0
       0
       0
       0
       0
       0
       0
       0
       0
       0
       0
       0
       0
       0
       0
       0
       0
       0
       0
       0
       0
       0
       0
       0
       0
       0
       0
       0
       0
       0
       0
       0
       0
       1
       0
       0
       0
      20
     492
     556
     434
     347
     334
     257
     266
     242
     272
     250
     245
     253
     260
     244
     261
     249
     254
     227
     229
     247
     229
     243
     242
     224
     266
     265
     232
     223
     237
     245
     230
     268
     250
     251
     260
     248
     253
     242
     240
     231
     242
     241
     219
     299
     249
     240
     256
     224
     256
     215
     222
     221
     236
     205
     221
     231
     205
     213
     191
     222
     192
     202
     197
     202
     184
     201
     194
     172
     165
     161
     168
     164
     148
     144
     150
     126
     166
     155
     147
     141
     150
     153
     129
     110
     126
     127
     137
     113
     131
     143
     131
     115
     127
      97
      98
     118
     124
     106
     105
     114
     126
     121
     112
     128
      93
     125
     146
     119
     112
     125
     108
     100
      96
     119
     104
     111
     111
     105
      92
     123
     115
     103
     102
     110
      99
     105
     104
     137
     122
     109
     104
     105
     123
     105
     101
     128
     116
     106
      98
     104
     111
     114
      99
     102
     110
     127
     116
     112
     115
     116
     105
     121
     104
     126
     114
     106
     108
     133
     102
     108
     124
     132
     108
     106
     105
     108
     102
     116
     123
      87
     111
     111
     104
      99
     111
      99
      91
      85
     103
      81
      79
      72
      57
      69
      75
      64
      70
      63
      82
      85
      63
      51
      62
      48
      46
      55
      46
      47
      40
      37
      28
      31
      29
      36
      27
      29
      30
      24
      27
      36
      20
      22
      20
      24
      17
      24
       7
      20
      17
      13
      19
      11
      13
      15
      14
      13
      12
      12
      10
      10
      10
      16
      15
       8
      13
       8
       8
       9
       9
       6
       8
      15
      11
      13
      14
      10
       8
      16
      14
      15
      14
      10
      18
      17
      16
      18
      16
      26
      21
      28
      33
      21
      30
      49
      26
      31
      31
      36
      37
      49
      67
      68
      58
      56
      64
      78
      70
      73
      83
      87
     100
     107
      93
      82
     109
     106
     119
     128
     117
     117
     159
     138
     132
     138
     123
     145
     122
     125
     130
     146
     138
     118
      97
     115
      95
      83
      96
     101
     101
      71
      78
      53
      66
      65
      61
      59
      42
      42
      50
      36
      25
      31
      23
      15
      21
      22
      18
       9
      18
      11
      15
       9
       7
      12
       4
       6
       4
       3
       5
       3
       6
       2
       1
       2
       1
       0
       3
       0
       1
       0
       0
       1
       0
       1
       0
       1
       2
       1
       0
       0
       0
       0
       1
       1
       0
       0
       0
       0
       0
       0
       1
       0
       0
       0
       0
       1
       0
       0
       1
       0
       1
       0
       0
       0
       0
       0
       0
       0
       0
       0
       0
       0
       0
       1
       0
       0
       0
       1
       0
       0
       0
       0
       0
       0
       0
       0
       0
       0
       0
       2
       0
       1
       0
       0
       0
       0
       0
       1
       0
       0
       0
       0
       0
       0
       1
       0
       0
       0
       0
       0
       1
       0
       0
       0
       0
       0
       0
       0
       0
       1
       1
       1
       0
       0
       0
       0
       1
       0
       0
       0
       1
       0
       0
       0
       0
       2
       0
       1
       0
       0
       0
       0
       0
       1
       0
       0
       0
       0
       0
       0
       0
       1
       0
       0
       0
       0
       0
       0
       0
       0
       0
       1
       0
       0
       0
       0
       0
       0
       1
       0
       0
       0
       0
       0
       1
       0
       0
       0
       0
       1
       0
       0
       1
       0
       0
       0
       0
       0
       0
       0
       0
       0
       0
       0
       0
       0
       1
       0
       1
       0
       0
       0
       1
       0
       0
       0
       0
       0
       0
       1
       0
       1
       0
       0
       0
       0
       0
       0
       1
       1
       0
       0
       0
       0
       0
       0
       0
       0
       0
       0
       0
       0
       0
       0
       1
       0
       0
       1
       0
       0
       1
       0
       0
       0
       0
       0
       0
       0
       0
       0
       0
       0
       0
       0
       0
       0
       0
       0
       0
       0
       0
       0
       0
       0
       0
       0
       0
       1
       0
       0
       0
       1
       0
       0
       0
       0
       0
       0
       0
       0
       0
       0
       0
       1
       0
       0
       0
       1
       0
       0
       0
       0
       0
       1
       0
       0
       0
       0
       0
       1
       0
       0
       0
       0
       0
       1
       1
       0
       0
       0
       0
       0
       0
       1
       0
       0
       0
       0
       0
       0
       1
       1
       0
       0
       0
       0
       1
       0
       0
       0
       0
       0
       0
       0
       0
       0
       0
       0
       0
       1
       0
       0
       0
       0
       0
       0
       0
       0
       0
       0
       0
       0
       0
       0
       0
       0
       0
       0
       1
       0
       0
       0
       0
       0
       0
       0
       0
       0
       0
       0
       0
       0
       0
       0
       0
       0
       0
       0
       0
       0
       0
       0
       0
       0
       1
       0
       0
       0
       0
       0
       0
       0
       0
       0
       0
       0
       1
       0
       0
       0
       0
       0
       0
       0
       0
       0
       0
       1
       0
       0
       0
       0
       1
       0
       0
       0
       0
       1
       1
       0
       0
       0
       0
       0
       1
       0
       0
       0
       0
       0
       0
       1
       0
       1
       0
       0
       0
       0
       2
       0
       0
       0
       0
       0
       0
       0
       0
       0
       0
       1
       0
       0
       0
       0
       0
       0
       0
       1
       0
       0
       0
       0
       0
       0
       0
       0
       0
       0
       0
       0
       0
       0
       0
       0
       0
       0
       0
       0
       0
       0
       0
       0
       0
       0
       0
       0
       0
       1
       0
       0
       0
       0
       0
       0
       0
       0
       0
       0
       0
       0
       0
       0
       0
       0
       0
       0
       0
       0
       0
       0
       0
       0
       0
       0
       0
       0
       0
       0
       0
       0
       0
       0
       0
       0
       0
       0
       0
       1
       0
       0
       0
       0
       0
       0
       0
       0
       0
       0
       0
       0
       0
       0
       0
       0
       0
       0
       0
       0
       0
       0
       0
       0
       0
       0
       0
       0
       0
       0
       0
       0
       0
       0
       0
       0
       0
       0
       0
       0
       0
       0
       0
       0
       0
       0
       0
       0
       0
       0
       1
       0
       0
       0
       0
       0
       0
       0
       0
       0
       0
       0
       0
       0
       0
       0
       0
       0
       0
       0
       0
       0
       0
       0
       0
       0
       1
       0
       0
       0
       0
       0
       0
       0
       0
       0
       0
       0
       0
       0
       0
       0
       0
       0
       0
       0
       0
       0
       0
       0
       0
       0
       0
       0
       0
       0
       0
       0
       0
       0
       0
       0
       0
       0
       0
       0
       0
       0
       0
       0
       0
       0
       0
       0
       0
       0
       0
$ROI:
1
277 387
$PRESETS:
Live Time
360
0
$ENER_FIT:
0.000000 0.000000
$MCA_CAL:
3
0.000000E+000 0.000000E+000 0.000000E+000 
$SHAPE_CAL:
3
0.000000E+000 0.000000E+000 0.000000E+000
