$SPEC_ID:
No sample description was entered.
$SPEC_REM:
DET# 17
DETDESC# WD011-05 Easy-MCA-8k SN 13260149
AP# Maestro Version 7.01
$DATE_MEA:
06/19/2017 11:02:48
$MEAS_TIM:
900 917
$DATA:
0 1023
       0
       0
       0
       0
       0
       0
       0
       0
       0
       0
       0
       0
       0
       0
       0
       0
       0
       0
       0
       0
       0
       0
       0
       0
       0
       0
       0
       0
       0
       0
       0
       0
       0
       0
       0
       0
       0
       0
       0
       0
       0
       0
       0
       0
       0
       0
       0
       0
      17
     731
     681
     460
     323
     229
     153
     114
      96
      76
      70
      65
      58
      54
      50
      40
      47
      37
      51
      39
      40
      42
      32
      32
      27
      30
      35
      39
      32
      27
      26
      27
      25
      27
      29
      20
      28
      27
      21
      19
      17
      23
      18
      19
      14
      29
      19
      16
      22
      19
      22
      26
      14
      14
      15
      10
      15
      15
       9
      12
      17
      14
      13
      10
       5
       9
       7
       7
      13
       5
       6
       9
       3
       3
       4
       6
       7
       8
       4
       5
      10
       5
       5
       9
       5
      10
       6
       3
       3
       4
       2
       3
       2
       1
       6
       1
       8
       3
       7
       2
       3
       7
       3
       5
       2
       6
       1
       0
       3
       1
       2
       4
       4
       2
       5
       4
       3
       5
       5
       3
       4
       1
       0
       4
       4
       1
       2
       4
       4
       2
       1
       5
       4
       2
       4
       2
       1
       2
       0
       2
       1
       2
       2
       4
       2
       2
       1
       2
       0
       1
       0
       4
       1
       2
       2
       2
       1
       1
       1
       2
       1
       3
       2
       1
       2
       1
       0
       1
       1
       0
       3
       0
       3
       0
       4
       0
       1
       0
       0
       1
       5
       2
       0
       2
       4
       1
       1
       2
       3
       1
       2
       4
       1
       2
       0
       0
       2
       0
       0
       2
       1
       0
       1
       2
       1
       1
       3
       1
       0
       3
       1
       2
       1
       2
       1
       2
       0
       2
       0
       0
       0
       2
       1
       0
       1
       0
       1
       1
       0
       0
       3
       0
       1
       1
       1
       0
       0
       0
       1
       2
       1
       0
       3
       2
       1
       1
       0
       1
       0
       4
       1
       0
       2
       0
       0
       4
       2
       2
       0
       1
       4
       0
       2
       1
       1
       1
       0
       3
       1
       0
       2
       2
       3
       1
       2
       3
       0
       1
       0
       2
       1
       1
       3
       1
       2
       2
       0
       0
       0
       0
       0
       1
       0
       1
       0
       1
       3
       1
       0
       0
       2
       0
       0
       1
       0
       3
       0
       1
       2
       1
       1
       1
       3
       2
       2
       0
       1
       0
       1
       1
       0
       0
       1
       1
       0
       1
       1
       0
       2
       2
       2
       2
       0
       1
       0
       0
       1
       1
       1
       2
       2
       0
       1
       1
       0
       0
       1
       0
       0
       1
       3
       1
       1
       4
       1
       0
       1
       1
       0
       1
       2
       0
       0
       1
       0
       0
       1
       2
       2
       0
       1
       1
       3
       0
       0
       0
       1
       1
       1
       2
       0
       0
       1
       0
       0
       2
       3
       0
       0
       0
       2
       1
       0
       1
       2
       0
       1
       1
       1
       1
       1
       0
       0
       3
       1
       0
       1
       2
       0
       1
       1
       1
       0
       1
       0
       0
       1
       0
       2
       1
       0
       1
       0
       0
       1
       0
       1
       1
       1
       1
       0
       1
       1
       0
       0
       1
       1
       0
       1
       1
       1
       0
       1
       1
       0
       1
       1
       2
       2
       2
       1
       0
       1
       2
       1
       0
       2
       2
       2
       0
       1
       0
       0
       0
       0
       0
       3
       0
       1
       0
       1
       1
       1
       0
       0
       0
       2
       0
       1
       2
       0
       0
       1
       0
       0
       0
       0
       1
       2
       0
       0
       2
       0
       0
       0
       0
       2
       1
       0
       1
       1
       0
       0
       0
       0
       1
       0
       0
       1
       1
       0
       1
       0
       0
       1
       0
       0
       0
       0
       2
       0
       1
       1
       0
       1
       0
       0
       2
       0
       0
       0
       1
       0
       0
       1
       0
       2
       0
       2
       0
       0
       1
       1
       1
       0
       0
       0
       0
       0
       0
       1
       0
       1
       0
       0
       1
       0
       1
       0
       0
       1
       1
       0
       1
       0
       0
       1
       1
       0
       1
       2
       0
       0
       0
       0
       1
       1
       0
       0
       0
       0
       0
       0
       0
       2
       0
       0
       0
       1
       0
       0
       0
       0
       0
       0
       0
       2
       0
       0
       0
       1
       0
       0
       1
       0
       0
       1
       0
       0
       0
       0
       0
       0
       0
       1
       2
       0
       0
       0
       0
       1
       0
       0
       1
       0
       0
       0
       1
       0
       0
       0
       0
       0
       1
       0
       0
       1
       2
       0
       0
       0
       1
       1
       0
       0
       0
       0
       0
       1
       1
       0
       1
       0
       0
       0
       0
       0
       0
       0
       0
       0
       0
       2
       0
       0
       0
       0
       0
       1
       0
       1
       0
       1
       0
       0
       0
       0
       0
       0
       0
       0
       0
       0
       0
       0
       0
       0
       0
       0
       0
       0
       0
       0
       0
       1
       0
       1
       0
       0
       1
       0
       0
       0
       0
       0
       0
       0
       0
       0
       0
       0
       0
       1
       0
       0
       0
       0
       1
       0
       0
       1
       0
       0
       0
       0
       0
       0
       0
       0
       1
       0
       0
       0
       0
       0
       0
       0
       1
       0
       0
       1
       0
       0
       1
       0
       0
       0
       0
       0
       0
       0
       0
       0
       0
       0
       0
       1
       0
       0
       0
       1
       0
       1
       1
       0
       0
       0
       0
       0
       0
       0
       0
       0
       0
       0
       0
       0
       1
       1
       0
       0
       1
       0
       0
       0
       0
       0
       0
       0
       0
       0
       1
       1
       0
       0
       0
       0
       1
       0
       0
       0
       0
       1
       0
       0
       0
       0
       0
       0
       0
       0
       0
       0
       0
       0
       0
       0
       0
       1
       0
       0
       0
       0
       0
       0
       0
       0
       0
       0
       0
       0
       0
       0
       0
       0
       0
       0
       0
       0
       0
       0
       0
       0
       0
       0
       0
       0
       1
       0
       0
       0
       0
       0
       0
       0
       0
       0
       0
       0
       0
       0
       0
       0
       0
       0
       0
       0
       0
       0
       0
       0
       0
       0
       0
       0
       1
       0
       0
       0
       0
       0
       0
       0
       0
       0
       0
       0
       0
       0
       0
       0
       0
       0
       1
       0
       1
       0
       0
       0
       0
       1
       0
       1
       0
       0
       0
       0
       0
       0
       0
       0
       0
       0
       0
       0
       0
       1
       0
       0
       0
       0
       0
       0
       0
       0
       0
       0
       0
       0
       0
       0
       1
       0
       0
       0
       1
       0
       0
       0
       0
       0
       0
       0
       0
       1
       0
       1
       0
       0
       0
       0
       0
       0
       0
       0
       0
       0
       0
       0
       0
       0
       0
       0
       0
       0
       0
       0
       0
       0
       0
       0
       0
       0
       0
       0
       0
$ROI:
1
277 387
$PRESETS:
Live Time
900
0
$ENER_FIT:
0.000000 0.000000
$MCA_CAL:
3
0.000000E+000 0.000000E+000 0.000000E+000 
$SHAPE_CAL:
3
0.000000E+000 0.000000E+000 0.000000E+000
