$SPEC_ID:
No sample description was entered.
$SPEC_REM:
DET# 17
DETDESC# WD011-05 Easy-MCA-8k SN 13260149
AP# Maestro Version 7.01
$DATE_MEA:
06/22/2017 14:13:33
$MEAS_TIM:
1800 1800
$DATA:
0 1023
       0
       0
       0
       0
       0
       0
      45
   20732
   17334
   13958
   11340
    9769
    8169
    6822
    5903
    5233
    4560
    4039
    3638
    3305
    2978
    2648
    2389
    2319
    2053
    1836
    1700
    1529
    1444
    1291
    1231
    1152
     993
     881
     899
     761
     736
     717
     659
     635
     570
     588
     484
     495
     458
     433
     347
     366
     352
     307
     284
     280
     290
     267
     263
     243
     198
     199
     202
     158
     146
     160
     134
     145
     110
     115
     120
     126
     105
     122
      97
     101
      87
      84
      81
      77
      72
      59
      66
      74
      67
      51
      66
      68
      65
      51
      61
      55
      44
      34
      46
      44
      28
      35
      38
      34
      42
      32
      29
      26
      33
      30
      28
      43
      28
      24
      27
      31
      31
      23
      20
      24
      24
      15
      19
      19
      21
      20
      22
      22
      23
      14
      26
      21
      19
      16
      17
      16
      16
      20
      13
      21
      18
       9
      16
      13
      20
      17
      17
      12
      13
       7
      10
      13
      10
      12
       6
       8
       8
      12
      11
      11
      13
      14
      13
      10
       9
       6
       7
      10
      13
       6
       6
      11
       6
      10
      11
       9
       7
       8
       4
       8
       9
       8
      12
       9
       7
       8
       6
       7
       5
      11
       9
       8
       5
       5
       1
       3
       5
       5
       3
       4
       7
       8
       5
       6
       7
       5
       2
       6
       4
       6
       5
       2
       5
       5
       4
       3
       1
       5
       5
       4
       7
       7
       4
       5
       5
       3
       3
       3
       4
       9
       2
       1
       4
       2
       3
       3
       4
       1
       1
       2
       0
       3
       3
       3
       5
       2
       5
       2
       5
       3
       2
       0
       4
       2
       2
       2
       0
       2
       7
       1
       3
       2
       3
       3
       3
       3
       2
       1
       2
       1
       0
       1
       5
       2
       3
       5
       5
       2
       2
       0
       1
       2
       1
       2
       0
       5
       1
       0
       3
       1
       2
       0
       4
       1
       0
       0
       0
       2
       2
       1
       1
       1
       0
       0
       3
       0
       0
       2
       1
       0
       0
       1
       1
       0
       1
       1
       2
       2
       1
       0
       2
       0
       0
       0
       1
       1
       2
       0
       3
       1
       0
       0
       1
       1
       1
       1
       1
       0
       0
       0
       3
       2
       0
       0
       1
       0
       1
       2
       0
       2
       1
       0
       1
       1
       0
       0
       1
       0
       4
       0
       1
       0
       1
       1
       0
       0
       1
       0
       1
       1
       2
       1
       0
       0
       0
       1
       1
       0
       0
       0
       2
       2
       2
       0
       1
       0
       0
       0
       0
       0
       1
       0
       0
       0
       1
       0
       0
       1
       0
       1
       0
       0
       2
       0
       0
       0
       1
       0
       0
       0
       0
       0
       0
       0
       0
       0
       0
       0
       1
       1
       0
       0
       1
       0
       0
       0
       0
       1
       0
       0
       0
       1
       1
       1
       0
       0
       0
       0
       0
       1
       0
       1
       0
       1
       0
       0
       0
       1
       0
       0
       0
       0
       0
       0
       0
       0
       1
       0
       1
       2
       0
       0
       0
       0
       0
       0
       0
       0
       1
       1
       0
       0
       0
       1
       1
       0
       0
       0
       0
       0
       0
       0
       2
       0
       0
       0
       0
       0
       0
       0
       0
       0
       0
       0
       1
       0
       0
       1
       0
       0
       0
       1
       0
       0
       0
       0
       0
       1
       3
       0
       0
       0
       0
       0
       1
       0
       0
       1
       0
       0
       0
       0
       0
       0
       0
       0
       0
       1
       0
       0
       0
       0
       0
       0
       0
       0
       1
       0
       0
       0
       0
       0
       0
       0
       0
       0
       0
       0
       0
       0
       0
       0
       2
       0
       0
       0
       0
       0
       0
       0
       0
       1
       1
       0
       0
       1
       0
       0
       0
       0
       0
       0
       0
       0
       0
       0
       1
       0
       0
       0
       1
       0
       0
       0
       0
       0
       0
       0
       0
       0
       0
       0
       0
       0
       0
       0
       0
       0
       0
       0
       0
       0
       0
       0
       0
       0
       0
       0
       0
       0
       0
       0
       0
       0
       0
       0
       0
       0
       0
       1
       0
       0
       0
       0
       0
       0
       0
       0
       0
       1
       0
       0
       0
       0
       0
       0
       0
       0
       0
       0
       0
       0
       0
       0
       0
       0
       0
       0
       0
       0
       0
       1
       0
       0
       0
       0
       0
       0
       0
       0
       0
       0
       0
       0
       0
       0
       0
       0
       0
       0
       0
       0
       0
       0
       0
       0
       0
       0
       0
       0
       0
       0
       0
       0
       0
       0
       0
       0
       0
       0
       0
       0
       0
       0
       0
       0
       0
       0
       0
       0
       0
       0
       0
       0
       0
       0
       0
       0
       0
       0
       0
       0
       0
       0
       0
       0
       0
       0
       0
       0
       0
       0
       0
       0
       0
       0
       0
       0
       0
       0
       0
       0
       0
       0
       0
       0
       0
       0
       0
       0
       0
       0
       0
       0
       0
       0
       0
       0
       0
       0
       0
       0
       0
       0
       0
       0
       0
       0
       0
       0
       0
       0
       0
       0
       0
       0
       0
       0
       0
       0
       0
       0
       0
       0
       0
       0
       0
       0
       0
       0
       0
       0
       0
       0
       0
       0
       0
       0
       0
       0
       0
       0
       0
       0
       0
       0
       0
       0
       0
       0
       0
       0
       0
       0
       0
       0
       0
       0
       0
       0
       0
       0
       0
       0
       0
       0
       0
       0
       0
       0
       0
       0
       0
       0
       0
       0
       0
       0
       0
       0
       0
       0
       0
       0
       0
       0
       0
       0
       0
       0
       0
       0
       0
       0
       0
       0
       0
       0
       0
       0
       0
       0
       0
       0
       0
       0
       0
       0
       0
       0
       0
       0
       0
       0
       0
       0
       0
       0
       0
       0
       0
       0
       0
       0
       0
       0
       0
       0
       0
       0
       0
       0
       0
       0
       0
       0
       0
       0
       0
       0
       0
       0
       0
       0
       0
       0
       0
       0
       0
       0
       0
       0
       0
       0
       0
       0
       0
       0
       0
       0
       0
       0
       0
       0
       0
       0
       0
       0
       0
       0
       0
       0
       0
       0
       0
       0
       0
       0
       0
       0
       0
       0
       0
       0
       0
       0
       0
       0
       0
       0
       0
       0
       0
       0
       0
       0
       0
       0
       0
       0
       0
       0
       0
       0
       0
       0
       0
       0
       0
       0
       0
       0
       0
       0
       0
       0
       0
       0
       0
       0
       0
       0
       0
       0
       0
       0
       0
       0
       0
       0
       0
       0
       0
       0
       0
       0
       0
       0
       0
       0
       0
       0
       0
       0
       0
       0
       0
       0
       0
       0
       0
       0
       0
       0
       0
       0
       0
       0
       0
       0
       0
       0
       0
       0
       0
       0
       0
       0
       0
       0
       0
       0
       0
       0
       0
       0
       0
       0
       0
       0
       0
       0
$ROI:
1
320 429
$PRESETS:
Live Time
1800
0
$ENER_FIT:
0.000000 0.000000
$MCA_CAL:
3
0.000000E+000 0.000000E+000 0.000000E+000 
$SHAPE_CAL:
3
0.000000E+000 0.000000E+000 0.000000E+000
