$SPEC_ID:
No sample description was entered.
$SPEC_REM:
DET# 17
DETDESC# WD011-05 Easy-MCA-8k SN 13260149
AP# Maestro Version 7.01
$DATE_MEA:
06/22/2017 11:35:32
$MEAS_TIM:
420 420
$DATA:
0 1023
       0
       0
       0
       0
       0
       0
      17
     214
     251
     252
     275
     311
     389
     496
     651
     749
     736
     700
     515
     433
     299
     299
     244
     240
     243
     231
     238
     197
     240
     223
     206
     217
     228
     240
     256
     245
     243
     259
     258
     271
     260
     262
     242
     235
     255
     241
     250
     244
     228
     233
     265
     248
     234
     243
     243
     252
     251
     259
     242
     229
     256
     273
     252
     275
     268
     245
     276
     257
     287
     225
     273
     233
     246
     261
     228
     234
     251
     224
     233
     249
     219
     228
     247
     241
     223
     227
     253
     251
     243
     258
     289
     292
     272
     298
     302
     302
     282
     275
     249
     280
     292
     294
     260
     272
     253
     232
     247
     263
     243
     250
     228
     227
     215
     244
     211
     201
     224
     215
     189
     210
     185
     198
     166
     178
     159
     135
     169
     174
     168
     155
     157
     152
     117
     167
     138
     144
     159
     155
     144
     139
     114
     126
     131
     150
     125
     115
     134
     137
     122
     140
     149
     141
     125
     133
     150
     107
     107
     105
     132
     131
     114
     105
     122
     114
     120
     108
     132
      98
     118
     114
     106
     112
     107
     113
     124
     113
     113
     111
     129
     109
     107
     102
     119
     118
     105
     119
      85
     135
     111
      92
     115
     112
     115
     115
     108
     104
     122
     119
     108
     123
     110
     109
      99
     101
     118
     119
     125
     115
     114
     114
     109
     107
     109
     110
     109
     105
     106
     123
     144
     123
     105
     120
     114
     108
     114
     142
     127
      99
     102
      91
     129
     139
     108
     150
     121
     115
     136
     125
     110
     125
     139
     116
     108
     116
     119
     127
     107
     138
     110
     105
     114
     107
     116
     102
     104
      74
      82
      97
      86
      68
      74
      76
      71
      73
      63
      78
      50
      58
      51
      35
      42
      38
      46
      47
      36
      29
      29
      42
      32
      30
      40
      30
      23
      29
      21
      20
      25
      24
      19
      21
      24
      17
      17
      19
      15
      17
      22
      18
      11
      13
      17
      21
      16
      13
       9
      11
      12
      14
      12
      13
      11
      13
       9
      11
       5
      12
      14
       8
       4
       8
       4
       8
       8
       8
       8
      13
      14
       7
       9
      12
       8
       6
      17
      10
       7
       9
      11
      13
      18
      13
      20
       9
      17
      15
      18
      10
      17
      16
      19
      21
      18
      27
      31
      33
      30
      30
      40
      44
      57
      63
      68
      78
      72
      75
      88
     111
      86
      98
     110
     109
     131
     143
     158
     174
     143
     181
     182
     160
     190
     176
     191
     180
     181
     167
     171
     174
     163
     156
     138
     167
     133
     159
     122
     123
      87
     101
      99
      76
      79
      63
      57
      67
      43
      39
      41
      26
      35
      26
      20
      20
      13
       9
      10
       7
       3
       6
       7
       4
       6
       6
       2
       1
       4
       0
       3
       0
       0
       1
       0
       0
       0
       1
       2
       1
       0
       1
       1
       1
       1
       1
       1
       0
       0
       0
       1
       0
       0
       0
       0
       0
       2
       0
       1
       1
       0
       0
       0
       0
       2
       0
       1
       0
       0
       0
       1
       0
       0
       0
       0
       0
       0
       0
       0
       1
       0
       1
       1
       1
       1
       0
       0
       0
       1
       0
       0
       1
       0
       0
       0
       1
       0
       1
       1
       0
       0
       0
       0
       1
       1
       0
       0
       0
       0
       0
       0
       0
       0
       0
       0
       0
       1
       0
       0
       0
       1
       0
       0
       0
       0
       0
       0
       1
       0
       1
       1
       1
       2
       0
       0
       0
       0
       1
       0
       1
       0
       0
       1
       0
       0
       0
       0
       1
       0
       0
       0
       0
       0
       0
       0
       0
       0
       0
       1
       0
       1
       0
       0
       0
       0
       0
       1
       0
       0
       0
       0
       0
       1
       0
       1
       0
       1
       0
       0
       0
       1
       0
       1
       0
       0
       1
       0
       0
       0
       2
       0
       0
       0
       0
       0
       0
       0
       0
       0
       1
       0
       0
       0
       0
       1
       0
       1
       0
       1
       0
       1
       0
       1
       1
       1
       0
       0
       0
       0
       0
       0
       0
       0
       0
       0
       0
       0
       0
       0
       0
       0
       0
       0
       0
       0
       0
       0
       0
       0
       0
       0
       0
       0
       1
       0
       0
       0
       0
       0
       0
       0
       0
       0
       0
       0
       1
       0
       1
       0
       0
       0
       0
       1
       1
       0
       0
       0
       1
       0
       1
       0
       1
       0
       1
       0
       0
       0
       0
       0
       0
       0
       0
       0
       0
       0
       0
       0
       1
       0
       0
       1
       1
       0
       0
       0
       0
       0
       0
       0
       1
       0
       1
       0
       0
       1
       0
       0
       0
       0
       0
       0
       0
       0
       0
       0
       0
       0
       0
       0
       0
       0
       0
       0
       0
       0
       1
       0
       1
       0
       0
       0
       0
       0
       0
       0
       1
       0
       0
       0
       0
       0
       0
       0
       0
       0
       0
       1
       0
       0
       0
       0
       0
       0
       0
       0
       0
       0
       0
       0
       1
       0
       0
       0
       0
       0
       0
       0
       0
       0
       0
       0
       0
       0
       0
       0
       1
       1
       1
       0
       0
       0
       0
       0
       0
       0
       0
       0
       0
       0
       0
       0
       0
       0
       0
       0
       0
       0
       0
       0
       0
       1
       0
       0
       0
       2
       0
       1
       0
       0
       0
       0
       0
       0
       0
       0
       0
       0
       0
       0
       0
       0
       0
       0
       0
       0
       0
       0
       0
       0
       0
       0
       0
       0
       0
       0
       0
       0
       0
       0
       0
       0
       0
       0
       0
       0
       0
       0
       0
       0
       0
       0
       0
       0
       0
       0
       0
       0
       0
       0
       0
       0
       0
       0
       0
       0
       0
       1
       0
       0
       0
       0
       0
       0
       0
       0
       0
       0
       0
       0
       0
       0
       0
       0
       0
       0
       0
       0
       0
       0
       0
       0
       1
       0
       0
       0
       0
       0
       0
       0
       0
       0
       0
       0
       1
       0
       0
       0
       0
       0
       0
       0
       0
       0
       0
       0
       0
       0
       0
       0
       0
       0
       0
       0
       0
       0
       3
       0
       0
       0
       0
       0
       0
       0
       0
       0
       0
       0
       0
       0
       0
       0
       0
       0
       0
       0
       0
       0
       1
       0
       0
       0
       0
       0
       0
       0
       0
       0
       0
       0
       0
       0
       0
       0
       0
       0
       0
       0
       0
       0
       0
       0
       1
       0
       0
       0
       0
       0
       0
       0
       0
       0
       0
       0
       0
       0
       0
       0
       0
       0
       0
       0
       0
       0
       0
       0
       0
       0
       0
       0
       0
       0
       0
       1
       0
       0
       0
       0
       0
       0
       0
       0
       0
       0
       0
       0
       0
       0
       0
       0
       0
       0
       0
       0
       0
       0
       0
       0
       0
       0
       0
$ROI:
1
320 429
$PRESETS:
Live Time
420
0
$ENER_FIT:
0.000000 0.000000
$MCA_CAL:
3
0.000000E+000 0.000000E+000 0.000000E+000 
$SHAPE_CAL:
3
0.000000E+000 0.000000E+000 0.000000E+000
